-0.0595024	-0.0148283
-0.0170195	-0.058456
-0.0516361	-0.0165304
0.017342	0.0131352
0.0297399	-0.0128489
0.0263642	0.0396976
-0.0032916	0.0296364
-0.198075	0.0677747
-0.132686	0.100137
-0.194897	0.125918
-0.144212	-0.063494
-0.0422527	-0.253715
0.0329721	0.003891
-0.0619044	-0.200086
0.172913	-0.026555
-0.00410113	0.00263159
0.0554747	0.041964
-0.0625746	-0.301617
-0.0190528	-0.0923749
-0.288643	-0.247389
0.0472506	-0.376736
-0.0281499	0.161188
-0.153801	0.144229
-0.210786	0.0776041
-0.136985	0.0554363
-0.0768303	0.131969
-0.00779683	-0.281216
-0.00842639	-0.135079
0.00903127	-0.0103258
0.0117435	-0.250751
0.0176682	0.0781969
-0.0198419	-0.325447
0.00897812	-0.0521572
-0.00382512	-0.0531938
-0.0182672	0.0116306
-0.0271648	0.177072
-0.025988	-0.169283
-0.01275	0.171164
-0.0129739	-0.0442735
0.00379373	-0.174874
-0.0211883	0.180531
-0.033451	-0.0286595
-0.0113841	-0.196239
-0.014324	0.144008
-0.00679234	-0.14395
-0.0129831	0.1793
-0.0231493	-0.0511614
-0.0207588	-0.0227453
-0.0253984	0.0105772
-0.0196	-0.233041
-0.00420518	0.168814
-0.00332867	0.0803917
-0.0140363	-0.202839
0.000289927	0.10255
-0.00318964	-0.159115
-0.00716414	0.0132435
0.00431842	-0.064099
0.0110105	0.0240619
-0.0132067	-0.191572
-0.000510044	0.205821
-0.00479409	-0.124202
-0.002855	0.0445904
-0.00324305	-0.0307614
-0.0131437	0.00356397
-0.00194376	-0.0242281
-0.0126754	-0.00827007
-0.0036707	0.171439
-0.0110414	-0.21022
-0.0166927	0.00946936
-0.0177071	-0.012491
0.0425129	0.190781
-0.00978362	-0.0346121
-0.0100711	-0.0278995
-0.0106236	0.0161237
-0.00885479	-0.210136
-0.00862663	0.029107
-0.00689551	0.149066
-0.0092323	-0.0299377
-0.0148057	-0.178419
-0.0102613	0.0298283
-0.00975526	0.189614
-0.011044	-0.0619862
-0.0068104	-0.0141246
-0.0131765	0.00624765
-0.0119174	-0.216437
0.00246727	0.144813
-0.0121038	-0.00102692
-0.00752369	-0.0227524
-0.00860544	0.026268
-0.00997609	0.0375232
-0.00197614	0.0578656
-0.0157529	-0.0740375
-0.00220446	0.027438
-0.0196818	-0.135942
-0.0141689	0.0222524
-0.0123483	0.185761
-0.00799558	0.0270877
-0.00768967	0.0674535
-0.00740874	0.103
-0.00742488	-0.110576
-0.00866613	0.138644
-0.00348459	-0.153169
-0.00547084	-0.0432156
-0.00335968	0.0862838
-0.00886713	-0.160641
-0.00313433	0.0915917
-0.00272491	-0.266863
-0.0031006	-0.0024568
-0.00469774	0.21402
-0.00741727	-0.173005
-0.00841162	0.18549
-0.0115494	-0.0274301
-0.0106163	-0.173496
-0.00693807	0.171972
-0.00459298	-0.0582663
-0.00726691	-0.0326698
-0.00620784	-0.174587
-0.00593116	-0.00903174
-0.0113455	0.157029
0.00111446	-0.168278
0.00484222	-0.0245521
-0.00362175	0.0370664
0.00384367	0.0897473
-0.00463719	0.328466
-0.00105938	0.00126432
0.00487763	0.301201
0.0100436	0.0339457
0.00229675	-0.00924476
-0.00132839	0.0699748
-0.0022944	0.0942825
-0.003344	-0.0951459
-0.00718405	0.0151342
-0.00765975	0.0287862
-0.00837482	0.0920918
-0.00809693	0.0179839
-0.0100657	-0.0318594
-0.0119381	-0.0156473
0.019585	-0.0513172
0.146189	-0.00785446
0.180137	0.244674
0.281909	0.0784045
-0.0418694	0.0486075
-0.198804	0.0917397
-0.343501	0.0975667
-0.000575528	0.153817
0.0528803	-0.0318108
0.0294494	-0.0111057
0.0201703	-0.138742
-0.0903958	-0.189548
-0.0972315	-0.0468048
-0.058626	0.100301
0.022928	0.365635
-0.0174798	-0.0123586
0.0112179	0.257383
0.0505483	0.149261
0.030064	0.0377991
0.0341545	-0.0244565
0.00279151	-0.0657481
0.00631636	-0.0403944
-0.0101268	-0.0131992
-0.000546896	-0.0357454
-0.00505685	0.0261106
0.00774016	0.123465
-0.00131707	-0.135801
-8.02465e-05	0.202048
0.00603927	-0.204906
0.0110436	0.0288063
0.0121943	0.176929
0.0143959	-0.171948
0.0153902	0.191805
0.00777589	-0.0362087
0.00761739	-0.18752
0.00292407	0.194229
0.00280956	-0.171873
0.00729367	0.0379017
0.00370958	-0.00945141
0.00246039	0.00954426
-0.00097668	0.167435
0.00293196	-0.180817
0.00242293	0.174157
0.00402446	-0.0437367
0.00134611	-0.16539
0.00376908	0.194214
0.00607015	-0.0369468
0.00456043	-0.206232
0.00438192	0.222938
0.00272073	-0.0113692
0.00831887	0.00065993
0.00292372	0.0244423
0.000737285	0.025567
0.00619161	-0.00900897
0.0103856	-0.0423697
0.00203538	-0.133809
0.00839853	-0.00959784
0.00959751	-0.0256254
0.00767634	-0.0220048
0.00579158	0.0286989
0.00828768	-0.0206866
0.00881148	0.0199518
0.006599	0.174372
-0.00355844	-0.209398
0.000458981	0.181271
-0.0042198	-0.206653
-0.000440219	0.0281193
0.00354517	0.154614
0.0019643	-0.197349
0.0015964	0.00487968
-0.00137544	0.0177163
-0.00319185	-0.0145604
0.0246702	-0.00513121
-0.000579209	0.176975
0.00483418	-0.203448
0.00874341	0.0268495
0.0052481	-0.008487
0.00706867	0.0263755
0.000948427	0.142229
0.00379224	-0.202589
0.00183041	0.181694
0.0028119	-0.178957
0.00320226	0.0495002
0.0107328	0.172698
0.00398497	-0.0359476
0.00757544	0.029067
0.00588591	-0.0715933
0.011725	-0.0621896
0.00304274	-0.147504
-0.000963975	-0.165094
0.00404767	-0.027812
0.000471643	-0.0482815
0.00791747	0.00944899
0.00711608	-0.0158097
0.00954745	-0.030929
0.00300516	0.00178481
0.0113687	-0.0610564
0.00120485	0.0240422
0.00849134	-0.00605764
-0.0049652	-0.0434463
-0.0035477	0.19457
0.0121417	-0.058268
0.000505711	-0.141153
-0.00474746	0.109914
0.00058704	-0.144175
-0.0024573	0.00263992
-0.0166985	0.154496
0.00364073	-0.149349
0.019758	-0.0215899
0.00238899	0.0262824
0.00474672	0.134296
0.0162824	-0.126167
0.0199213	0.0737817
0.0208907	0.162029
0.0192958	-0.18249
0.00449036	0.196961
0.00861755	-0.0303626
0.00533605	-0.176023
0.00381725	-0.0167535
0.00326133	0.0127406
0.00337961	0.00329924
0.0028618	0.00189902
4.20453e-05	-0.00694675
0.00354059	0.0614614
-0.0029199	0.225565
-0.00186466	-0.170761
-0.00337122	0.0709215
0.00479	0.00222795
-0.00307102	0.0474938
-0.00352979	0.19666
0.00296196	-0.102044
-0.00607364	0.158717
-0.000699923	0.0147945
0.00382271	-0.142978
0.0072787	0.19447
0.0019563	-0.0413415
0.00311803	-0.184769
0.00107632	0.186614
0.0092528	-0.0288775
0.0071725	-0.190277
-0.00791201	0.329277
-0.000255299	-0.174829
0.00437779	0.0217147
0.00882013	-0.0233556
0.00219446	-0.12425
0.00905291	0.144027
0.0178613	-0.0523529
0.00912161	-0.129598
0.000198416	-0.0126092
0.000435307	-0.0175732
0.000936055	0.029275
0.00864673	0.14801
0.0117462	-0.221841
0.004651	0.0114641
0.0147988	-0.00285707
-0.00120179	0.0185996
0.0322119	0.0204085
-0.00464253	0.0153457
0.00868138	0.155734
0.00409756	-0.147794
-0.00520932	0.181072
0.011119	-0.0250221
0.00138349	-0.184382
0.00382625	0.0178031
0.00155113	0.033623
0.00412769	0.146236
0.00848015	-0.195564
0.00924443	0.0184906
0.00968348	0.0192993
0.0129513	0.031632
0.00757468	0.163911
0.00182151	-0.161298
-0.00172172	-0.0156755
0.00645308	-0.00166591
-0.000433249	-0.0166329
0.00919529	0.017235
0.00707017	0.21756
0.00350616	-0.040823
0.00249901	-0.185281
0.00378963	0.237915
