-5.48112e-05,-0.00032064,-1.64039e-06,0,0
-4.2646e-05,-0.000475226,-4.34809e-06,0,0
-2.97009e-05,-0.000327204,8.76883e-06,0,0.0219766
-5.88664e-05,-0.000123406,-2.5408e-07,0,0.0127069
-1.11257e-05,-0.000111457,4.47905e-06,0,0.0535111
-2.64196e-05,-0.000137262,-1.44219e-06,0,0.0722758
-3.43233e-05,-0.000136294,3.14611e-06,0,0.108635
-3.3123e-05,-0.000119723,1.01333e-06,0,0.110215
-1.17693e-05,-4.33845e-05,1.21177e-06,0,0.103896
4.81705e-05,4.22169e-05,5.39087e-05,0.00461468,0.0731611
6.14202e-05,3.4017e-05,8.70157e-05,0.00262182,0.049034
7.09319e-05,2.95303e-05,0.000127583,0.0314,0
5.54923e-05,2.43696e-05,0.000161518,0.0166063,0
2.87823e-05,4.22357e-05,0.000179875,0.0501286,0
2.21667e-05,6.3272e-05,0.00017062,0.0814509,0
1.44588e-05,5.96395e-05,0.000146121,0.135089,0
-6.10862e-06,7.7513e-05,0.000122213,0.177608,0
-1.46182e-05,7.63692e-05,8.86124e-05,0.259541,0
-2.0535e-05,5.21697e-05,5.41408e-05,0.342375,0
-4.71395e-05,1.86951e-05,3.275e-05,0.4157,0
-5.11259e-05,-2.41851e-06,1.06918e-05,0.439451,0
-3.79569e-05,-1.02579e-05,-8.90675e-06,0.482094,0
-5.14789e-05,-1.63034e-05,-1.66563e-05,0.517512,0
-4.96556e-05,-7.77465e-06,-1.27849e-05,0.534975,0
-4.00649e-05,8.40234e-07,-3.16355e-06,0.549549,0
-3.50888e-05,-1.41641e-05,7.63448e-06,0.563808,0
-0.00147576,0.00069421,-0.000212941,0.630675,0
-0.00153914,0.000715299,-0.000539294,0.740262,0
-0.00148513,0.000587951,-0.000876009,0.853579,0
-0.000854011,5.12868e-05,-0.00114181,0.777114,0.0503443
-1.30898e-05,-0.000836925,-0.00138037,0.547901,0.253438
0.000289803,-0.00147324,-0.00141501,0.421502,0.353717
0.000534696,-0.00143172,-0.00133983,0.273007,0.476092
0.000356391,-0.000817974,-0.00135744,0.271745,0.451234
-7.155e-05,-0.000232863,-0.00160296,0.0636075,0.633251
0.00059017,0.000460256,-0.00215687,0,0.869546
0.00105272,0.00085569,-0.00279278,0,1.08033
0.00126314,0.00115662,-0.00330835,0,1.31668
0.00115392,0.00135426,-0.00358188,0,1.60898
-2.56725e-05,0.000694057,-0.00335719,0,1.86688
-0.000710394,0.000229709,-0.00283728,0.127526,1.71323
-0.000780223,-5.28874e-06,-0.00232348,0.427475,1.38716
-0.00065722,-0.000172518,-0.00187035,0.349702,1.43882
-0.00039646,-0.000162493,-0.00145705,0.564165,1.19823
-0.000185972,-0.000175791,-0.00121064,0.504858,1.23142
-2.98759e-05,-0.000198908,-0.00102518,0.300487,1.40967
8.01053e-05,-0.000188534,-0.000840556,0.335272,1.34877
0.000112871,-0.000169678,-0.000688994,0.182747,1.47517
0.000140092,5.18119e-05,-0.000513148,0,1.73691
0.00015625,4.77169e-05,-0.000292754,0,1.82635
0.000134342,0.000139555,-3.09234e-05,0,1.88959
7.30357e-05,0.000146643,0.00020295,0.103311,1.76016
2.67749e-05,0.000120719,0.000314982,0,1.93199
1.46891e-05,8.96183e-05,0.000296439,0.0182367,1.88764
3.80525e-05,3.49437e-05,0.000184376,0.00400385,1.87575
4.68574e-05,-3.98961e-05,5.42778e-05,0.0153129,1.83832
3.18555e-05,3.95911e-05,-3.06964e-05,0,1.87773
-4.04568e-06,2.81083e-05,-7.16082e-05,0,1.88575
-1.84281e-05,-1.55185e-05,-6.03157e-05,0,1.87776
-1.9762e-05,-3.52644e-05,-2.83751e-05,0.0176082,1.83403
-2.72574e-05,-2.3078e-05,1.04553e-05,0.16351,1.66201
-2.8233e-05,-2.66958e-05,3.08427e-05,0,1.83681
-9.32315e-06,-1.22059e-05,3.71598e-05,0.181234,1.62945
1.88825e-05,-2.67071e-05,3.34051e-05,0.146024,1.63854
2.64902e-05,7.53597e-07,3.18201e-05,0,1.82005
3.51792e-05,2.67495e-05,2.28751e-05,0.0137141,1.78022
3.81918e-05,5.46583e-05,2.2593e-05,0.0256513,1.74216
3.24456e-05,4.46501e-05,1.31374e-05,0.00851424,1.73318
3.32024e-05,3.24915e-05,1.3971e-05,0.0120776,1.70349
3.20475e-05,-4.83064e-05,1.52526e-05,0.184042,1.50541
2.08443e-05,2.36884e-06,2.05505e-05,0.12012,1.54321
1.61517e-05,3.66991e-05,2.62231e-05,0,1.70128
-1.32925e-05,3.55243e-05,2.73946e-05,0,1.69876
-3.89803e-05,9.61522e-06,1.13378e-05,0.00367913,1.66896
-2.98548e-05,-6.47567e-05,-1.14743e-05,0,1.65039
-2.94935e-05,9.08869e-06,-4.67814e-05,0,1.62684
-9.90208e-06,0.000109785,-8.13891e-05,0,1.62116
1.89324e-06,-7.80825e-06,-0.000111378,0.00745951,1.58758
3.09362e-05,-1.4443e-05,-0.000139134,0.201848,1.36707
5.06349e-05,-2.66803e-05,-4.77813e-05,0.0034441,1.53936
2.53139e-05,-9.51289e-05,0.000215135,0,1.55855
-6.57976e-05,-0.000102984,0.000344197,0,1.54143
-6.98639e-05,-3.79855e-05,0.000285215,0,1.56611
-1.99219e-05,0.000168631,0.000111009,0,1.59919
2.24541e-06,8.56433e-05,-3.21332e-05,0.0861759,1.48689
1.40358e-05,-2.36929e-06,-9.54032e-05,0.24445,1.3025
1.53296e-05,-1.63428e-05,-0.000107514,0.0414097,1.47942
1.56309e-06,-3.97472e-05,-7.75033e-05,0.0513078,1.4434
-5.97126e-06,-5.99421e-05,-2.87977e-05,0.0341721,1.43441
1.26101e-05,-2.71159e-05,8.64534e-06,0.0335569,1.40891
1.55749e-05,-5.20443e-05,3.0636e-05,0,1.62543
1.30484e-05,-1.77171e-05,3.46028e-05,0.191884,1.40742
1.30279e-05,5.61401e-05,3.08129e-05,0.324857,1.24833
1.46578e-05,6.14182e-05,1.88491e-05,0.192009,1.35506
-6.02762e-07,6.28658e-05,6.61953e-06,0.124266,1.39668
-1.18918e-05,3.9389e-05,-2.67332e-06,0.125073,1.36975
-6.94488e-06,2.4929e-05,-8.83014e-06,0.261998,1.20671
2.63301e-06,5.20231e-06,-9.27775e-06,0.217001,1.22558
2.49521e-05,2.6412e-06,-8.63363e-06,0.0865373,1.32993
1.5306e-05,-3.63858e-05,4.77217e-06,0.229946,1.1604
-1.26214e-05,6.50498e-06,1.80833e-05,0.211295,1.15293
-2.92047e-05,6.39003e-06,1.36069e-05,0.0427092,1.2954
-6.90551e-06,4.79425e-06,1.34544e-05,0.0506314,1.26135
-2.23915e-05,-5.28964e-05,1.2233e-05,0.0519176,1.23395
-2.50939e-05,-1.15889e-05,1.14483e-06,0.234985,1.02476
-1.6915e-05,1.01904e-05,-1.09372e-07,0.192608,1.04102
-2.97676e-06,1.90563e-05,-5.52872e-06,0.00662021,1.20088
1.71919e-05,-1.44798e-05,-7.99554e-06,0.0181587,1.16323
3.59839e-05,-4.91812e-05,-6.3549e-06,0.0325222,1.12274
4.08404e-05,-1.79751e-06,3.34865e-06,0.212287,0.916858
1.32612e-05,1.2349e-05,1.12015e-05,0.164799,0.938226
-8.22721e-06,6.5113e-06,1.11631e-05,0,1.08255
-5.11941e-06,2.09449e-05,5.91935e-06,0.00442035,1.05201
-5.89618e-06,1.35717e-05,4.76934e-06,0.0389258,0.991384
-1.1628e-05,1.79921e-05,9.63718e-07,0.0220863,0.982104
-7.95489e-06,-3.96387e-06,1.01867e-06,0.0699292,0.908141
-1.08359e-05,-1.80611e-05,-4.12845e-06,0.28847,0.66348
-8.55228e-06,5.13695e-06,-8.39171e-06,0.0652858,0.860544
2.92591e-06,-2.94532e-05,-2.22375e-07,0.0696352,0.830075
1.00706e-05,-1.84675e-05,-3.79582e-07,0.0633388,0.810251
1.43609e-05,-7.89441e-06,1.02851e-05,0.0573716,0.790098
2.07602e-05,-4.33789e-05,1.53848e-05,0.0411466,0.780203
2.67007e-05,1.8061e-05,1.99078e-05,0.033261,0.761969
1.38791e-05,-1.98827e-06,3.15838e-05,0,0.800784
2.90583e-06,1.56993e-05,5.11316e-05,0,0.86159
-3.13609e-05,2.68599e-05,4.51642e-05,0,0.878202
-5.5337e-05,7.75178e-06,-3.35685e-05,0,0.925382
-8.29825e-06,2.3574e-05,-6.86049e-05,0,0.943174
-1.00276e-05,1.5711e-05,-5.34959e-05,0.0252344,0.89182
-4.96822e-06,5.07008e-05,-2.25965e-05,0.0152213,0.875713
-1.04226e-05,7.74787e-05,4.5293e-06,0.0531424,0.811672
-5.70474e-06,-3.50398e-05,1.77412e-05,0.200417,0.638278
6.21323e-06,-2.56431e-05,2.1028e-05,0,0.826732
1.24646e-05,-8.02972e-05,1.99072e-05,0,0.815148
2.39313e-05,6.39183e-06,9.32004e-06,0,0.962692
2.59939e-05,5.44008e-05,8.88964e-06,0.170829,0.765742
1.74348e-05,1.16251e-05,-3.14876e-07,0.141559,0.768893
3.25838e-06,9.44994e-07,5.06525e-06,0.151794,0.732538
-8.16213e-06,-1.32878e-05,5.56774e-06,0.143065,0.715147
-1.49314e-05,0.000779802,-1.01692e-06,0.13627,0.695822
-2.41475e-05,0.00156192,-7.60676e-06,0.185566,0.620406
-2.28418e-06,0.00105282,-9.49534e-06,0.39118,0.388672
-1.06224e-06,0.000327834,-1.31848e-05,0.583576,0.170156
-8.11404e-07,4.00407e-05,-2.91434e-05,0.676471,0.0511411
1.37788e-05,-0.000163233,-4.25495e-05,0.740013,0
3.01582e-05,-0.000254548,-5.91468e-05,0.649982,0.0639111
2.11117e-05,-0.000244395,-7.6625e-05,0.684094,0.00367929
1.88633e-05,-0.000224786,-7.32282e-05,0.682661,0
7.41346e-06,-0.000132638,-7.06988e-05,0.681536,0
-3.8249e-06,-5.91277e-05,-6.28049e-05,0.784327,0
-1.39097e-05,-5.11043e-05,-6.60079e-05,0.707284,0.0509231
-2.32253e-05,-4.41517e-05,-7.30067e-05,0.823885,0
-2.35337e-05,-0.000791738,-9.02984e-05,0.839759,0
1.05464e-05,-0.00105868,-0.000109242,0.801279,0.0123607
0.00113058,0.000824886,-2.4599e-05,0.632535,0.154984
0.00174016,0.00127776,0.00022241,0.675832,0.0855668
0.0018052,0.000862619,0.000572598,0.855326,0
0.000271405,0.000971223,0.00094569,0.99392,0
-0.00127561,-4.79196e-05,0.00128795,1.05179,0
-0.00196311,-0.000785816,0.00161865,1.01011,0.0155536
-0.000191912,-0.000770863,0.00205305,1.19113,0
0.00111046,-0.00130198,0.00246331,1.40532,0
0.00121305,-0.00173284,0.00287175,1.31656,0.0626391
0.000665341,-0.000736174,0.00326014,1.35584,0
0.00024624,-0.000288192,0.00345684,1.26652,0.0631921
-0.000255258,0.000222009,0.00352238,1.09323,0.210366
-0.000905671,0.000987366,0.00325094,1.21178,0.0656944
-0.000872731,0.00136269,0.00278996,1.05058,0.20078
-0.000470805,0.00161494,0.00214116,1.22642,0
-4.03996e-05,0.00137079,0.00159708,1.60706,0
0.000300538,0.000404443,0.00119129,1.87613,0
0.000383564,-0.000296046,0.000906289,1.96451,0
0.000228777,-0.000440194,0.000725261,2.02013,0
5.87372e-05,-0.000350397,0.000584974,2.0262,0
-4.21504e-05,-0.000187033,0.000457495,2.05364,0
-0.000105081,-7.3778e-05,0.0002817,1.88141,0.146106
-0.000143061,8.05964e-06,1.77185e-05,1.83452,0.166883
-0.00011793,4.04266e-05,-0.000214146,1.80573,0.16955
-7.76685e-05,3.20215e-05,-0.000285705,1.9217,0.027454
-6.85509e-05,1.05503e-05,-0.000249113,1.85639,0.0666508
-6.15512e-05,4.74227e-05,-0.000150089,1.70367,0.193248
-4.55493e-05,3.10455e-05,-2.63694e-05,1.70066,0.170142
-4.59335e-05,2.36729e-05,6.09465e-05,1.6677,0.176981
-4.61259e-05,5.29464e-05,9.1727e-05,1.62178,0.196778
-3.19277e-06,5.88315e-05,8.346e-05,1.70867,0.0837692
1.8615e-05,6.87459e-05,4.45604e-05,1.8291,0
3.37247e-05,6.34356e-05,1.45982e-05,1.82317,0
4.624e-05,3.75271e-06,-8.00102e-06,1.6392,0.157847
4.94109e-05,-3.8523e-06,-2.40638e-05,1.8145,0
5.40745e-05,1.96852e-05,-2.59693e-05,1.75354,0.0348396
2.74324e-05,2.64762e-05,-1.47265e-05,1.58888,0.173381
1.21084e-05,1.84376e-05,-4.80646e-06,1.60582,0.130314
-1.94994e-06,3.51088e-07,2.70372e-06,1.63329,0.0767298
-2.07524e-05,8.85895e-06,7.99283e-06,1.67435,0.00954856
-1.3822e-05,-7.23657e-06,4.40371e-06,1.68536,0
-7.37083e-06,-1.58793e-05,2.62932e-06,1.85996,0
6.86215e-07,-3.1512e-05,-3.33372e-06,1.64419,0.189655
-5.80627e-07,-2.11539e-05,-2.18541e-06,1.64906,0.158669
1.65415e-07,-2.50952e-05,9.12714e-07,1.79143,0
-3.32821e-06,-4.61041e-05,7.7792e-07,1.59556,0.169744
-1.44625e-06,-9.32519e-07,1.96628e-06,1.59567,0.14352
6.77468e-06,3.64071e-05,1.14414e-06,1.61379,0.0992783
1.89321e-05,3.6123e-05,8.94044e-07,1.80612,0
2.22578e-05,5.7102e-05,-2.21919e-06,1.62564,0.15436
1.77867e-05,3.55579e-05,-6.29023e-06,1.63071,0.123165
2.09406e-07,4.55846e-05,-4.86036e-06,1.80659,0
-7.09389e-06,1.4557e-05,9.89035e-07,1.63802,0.142452
-2.2126e-05,-0.000156314,-2.37033e-06,1.75381,0.000539867
-1.0657e-05,-5.87125e-05,-1.05938e-06,1.58737,0.140866
-7.25787e-06,9.8728e-05,-1.48364e-06,1.59819,0.103927
-3.72962e-06,-1.48234e-05,1.54035e-06,1.57959,0.0964036
9.57528e-07,-0.000112203,-5.54426e-07,1.57232,0.0775498
-1.22805e-06,-9.31418e-05,-3.62774e-06,1.56566,0.0580944
-1.12535e-05,-5.81745e-05,-5.96325e-06,1.57038,0.0272514
-1.69092e-06,-3.92121e-06,-1.45607e-06,1.48602,0.0854945
1.33237e-05,2.42939e-05,-2.78314e-06,1.50705,0.0383437
2.41314e-05,2.64241e-06,-9.27017e-07,1.4874,0.0318783
1.38159e-05,-3.12522e-05,-1.25301e-06,1.46481,0.028349
4.55703e-06,0.000164057,2.25611e-06,1.29429,0.172742
-1.83811e-06,1.9846e-05,1.40733e-06,1.49202,0
-1.86425e-05,1.03211e-05,8.25254e-07,1.64566,0
-9.22702e-06,-1.30463e-05,-3.99322e-06,1.47107,0.148469
-3.6309e-06,-1.76448e-06,-2.13648e-06,1.48182,0.111605
-8.10959e-06,-7.67463e-05,-7.9819e-07,1.40921,0.158094
-3.14995e-05,3.54635e-05,1.76729e-06,1.42586,0.115326
-4.1195e-05,-1.44842e-05,-1.66344e-06,1.5815,0
-3.28263e-05,-1.81012e-05,-7.49293e-07,1.52571,0.0296744
-5.66209e-06,-1.71797e-05,-3.18663e-06,1.35442,0.174841
9.57335e-06,-4.79649e-05,-2.62427e-06,1.35948,0.14366
2.05279e-05,1.0902e-05,-1.15678e-06,1.34472,0.132302
2.628e-05,1.49043e-05,5.85464e-07,1.52316,0
2.69317e-05,5.77247e-05,-4.41653e-07,1.45564,0.041408
3.12863e-05,-0.00010864,4.06406e-06,1.25998,0.210941
3.42854e-05,9.98482e-06,5.57969e-06,1.22459,0.220217
2.72262e-05,0.000193401,1.59634e-07,1.24089,0.177794
3.89518e-06,6.88114e-05,1.24275e-06,1.44403,0
-6.61829e-06,-3.00236e-06,2.04937e-06,1.24367,0.174241
-1.8617e-05,-6.8352e-05,2.12365e-06,1.25397,0.137821
-2.50779e-05,-4.48647e-05,3.96596e-06,1.38516,0
-3.53941e-05,-4.02318e-05,-4.62106e-07,1.18945,0.169583
-3.28201e-05,-2.11339e-05,1.1759e-06,1.17685,0.156071
-1.74338e-05,-6.23929e-05,-4.0153e-06,1.18681,0.119983
-4.99569e-06,-9.28942e-07,5.12523e-07,1.15342,0.127255
1.0953e-05,1.60223e-05,-7.42316e-08,1.16008,0.0944792
1.30421e-05,2.31857e-05,-1.40118e-06,1.14524,0.0831937
1.44391e-05,-5.06053e-05,1.79956e-06,1.15123,0.0510847
4.99358e-06,-3.70473e-06,1.25698e-06,1.1066,0.0696016
8.29779e-06,2.08923e-05,5.35961e-06,1.11036,0.0397137
2.13329e-05,-6.935e-06,-5.41674e-06,1.13039,0
2.86775e-05,3.37225e-05,7.31307e-07,1.14086,0
2.37507e-05,4.72879e-05,5.43517e-07,1.15429,0
3.01341e-06,5.65006e-05,-1.57402e-06,1.1153,0.0128676
-3.27554e-06,6.69391e-06,1.97658e-06,1.11324,0
-1.04926e-05,-5.49948e-05,6.31525e-06,0.956931,0.130187
-2.83676e-05,-0.000116399,4.40632e-06,0.95966,0.101338
-2.97839e-05,-5.25099e-05,-4.31378e-08,0.920433,0.114445
-3.6239e-05,4.53677e-05,-5.08666e-06,0.926072,0.0826857
-1.96702e-05,0.000234139,-1.64775e-06,1.06025,0
-8.17907e-06,7.26386e-05,-1.22476e-06,0.87418,0.15995
-1.16126e-06,-2.10503e-05,-2.76268e-06,0.897249,0.11076
1.43025e-06,-1.91944e-05,-4.11132e-07,0.921323,0.060566
1.60907e-05,-1.17833e-05,3.40929e-06,1.08938,0
2.85833e-05,-1.4244e-05,4.13123e-07,1.03421,0.029049
3.20868e-05,-1.04018e-05,7.3453e-06,1.01384,0.0233031
3.46106e-06,2.68314e-06,6.21042e-06,0.876812,0.13421
-1.8866e-06,-2.13246e-05,4.28565e-06,0.885284,0.0996181
-2.26966e-06,-2.20323e-05,1.92091e-06,0.887461,0.0713213
7.89978e-06,-5.00762e-05,-4.43845e-06,0.903038,0.0296238
9.35817e-06,3.65274e-05,-3.45276e-06,1.10332,0
-1.93043e-06,1.1414e-05,-1.03177e-07,1.07727,0
-8.16328e-06,-9.92547e-05,5.79706e-07,0.924943,0.126208
-1.12477e-05,-2.90999e-05,-2.94053e-06,0.912422,0.112608
-9.45339e-06,-7.39507e-05,4.99721e-09,0.897289,0.101622
-7.95639e-07,0.000148562,-2.02671e-06,0.880927,0.0918636
5.33725e-06,0.000130717,-4.72452e-06,1.0878,0
2.61752e-06,7.2475e-05,-5.14596e-08,1.1814,0
1.92016e-06,-2.56798e-05,-1.51192e-06,1.18715,0
-3.87431e-07,1.19295e-05,1.15306e-07,1.00195,0.159077
1.96505e-06,-4.12461e-05,-2.64618e-06,1.02572,0.109194
-1.04538e-05,8.2972e-05,-6.28804e-07,1.08307,0.0257264
-1.55396e-05,3.79335e-05,-2.22076e-06,1.44899,0
-1.74311e-05,-0.000154738,-7.8395e-08,1.11892,0.303948
-1.03771e-05,0.000100414,4.88002e-07,1.17455,0.2222
1.24177e-05,2.57138e-05,-4.32068e-06,1.40944,0
2.5262e-05,-3.33732e-06,-2.17707e-06,1.36413,0.0191905
2.4029e-05,-7.29455e-05,9.41932e-07,1.36739,0
-2.77692e-06,-7.81073e-05,4.30293e-06,1.37374,0
-1.17248e-05,-2.71985e-05,5.65682e-06,1.24532,0.1023
1.26279e-05,1.7615e-05,-6.33833e-07,1.27211,0.0493906
2.16293e-05,-4.15795e-06,2.49673e-06,1.42399,0
2.27098e-05,2.12812e-05,2.66969e-08,1.38422,0.0136514
1.48448e-05,2.95144e-05,3.81896e-07,1.34379,0.0279533
8.43433e-07,2.61741e-05,-2.39154e-06,1.35395,0
-1.79716e-05,0.000125657,1.3637e-06,1.31863,0.00920857
-2.85889e-05,5.94093e-05,-3.23277e-06,1.34538,0
-2.73232e-05,-6.61179e-05,-3.97728e-06,1.48038,0
-2.39332e-05,-2.88973e-05,2.83555e-06,1.44455,0.00970867
-1.35259e-05,-0.00013924,-6.14582e-06,1.29461,0.133525
-9.03499e-06,0.0001264,-1.29913e-06,1.38976,0.0122545
-4.65897e-06,0.000103432,-1.7218e-07,1.3231,0.0527979
-4.18436e-06,8.11754e-05,1.19934e-06,1.17367,0.176111
2.5346e-06,3.96404e-05,-3.40083e-06,1.33324,0
2.19594e-06,1.36239e-05,-4.17308e-06,1.11863,0.188485
5.13464e-06,-1.02042e-05,-6.69211e-06,1.14587,0.135124
1.02696e-05,-4.957e-05,-2.36324e-06,1.13641,0.118464
1.9551e-05,-2.89971e-05,-3.22584e-06,1.14141,0.0873507
1.65336e-05,-1.94655e-05,2.76511e-06,1.05359,0.149046
1.22344e-05,1.5037e-05,2.51473e-06,1.05655,0.119964
2.35143e-06,1.00856e-05,1.36326e-07,1.23772,0
1.10032e-07,-4.33784e-05,3.38316e-06,1.04774,0.163859
-1.38801e-06,2.63237e-05,-6.69338e-07,1.0209,0.164576
-9.72083e-06,3.64221e-05,-3.36222e-06,1.0744,0.0849569
-1.73132e-05,-3.20624e-05,-3.61557e-06,1.26157,0
-1.99198e-05,9.26585e-07,-1.33423e-06,1.21404,0.0214123
-1.43811e-05,4.05944e-05,-2.3939e-06,1.02643,0.182898
-1.42995e-05,-1.72823e-05,-6.81001e-06,1.01697,0.166237
-1.1982e-05,-4.15417e-05,-1.02849e-05,1.03543,0.12166
1.49948e-06,-0.000103785,-8.22892e-06,0.95867,0.172302
1.31725e-05,2.77854e-05,-1.25003e-06,0.939182,0.16567
1.51186e-05,0.000323118,-4.50572e-06,0.925434,0.153298
1.79166e-05,0.000129965,-3.15027e-06,0.904132,0.14848
9.32333e-06,-7.1682e-05,-6.67219e-08,0.913084,0.113408
-2.68947e-06,-6.68965e-05,-1.16596e-06,1.16927,0
-4.4316e-06,-0.000128238,3.61342e-08,0.985926,0.157226
4.11673e-06,-7.27403e-05,-2.69107e-07,1.12468,0
-4.39456e-06,-9.74454e-05,6.03639e-06,1.11782,0
6.97139e-06,4.77986e-05,-8.35411e-07,0.941338,0.150357
1.65642e-05,4.67972e-06,-6.30203e-06,1.14005,0
3.06569e-05,0.000109427,1.21775e-06,0.963072,0.15086
3.04829e-05,9.08568e-05,2.90455e-06,0.991094,0.096719
2.59443e-05,9.97412e-05,4.52005e-06,0.996417,0.0652756
-2.30831e-06,5.14707e-05,5.76837e-06,1.02722,0.00835683
-1.14138e-05,-2.54316e-05,8.54136e-07,1.18553,0
-2.30566e-05,-6.21519e-05,4.07766e-06,1.01828,0.141136
-2.86377e-05,-2.4436e-05,5.52393e-07,1.20806,0
-3.25085e-05,1.5436e-06,-5.20487e-06,1.18544,0
-2.22918e-05,1.96836e-05,-4.6409e-06,1.13125,0.0280709
-2.02166e-05,-7.3143e-06,-8.15641e-06,1.14394,0
-7.77419e-06,-6.67992e-05,-1.16498e-05,0.927743,0.190076
-1.1476e-05,0.000548064,-1.39969e-05,1.08495,0.00675437
-1.04093e-05,0.001424,-1.48231e-05,1.1203,0
-1.45434e-05,0.001447,-7.17214e-06,1.21232,0
-1.36979e-05,0.00054439,-1.11637e-05,1.46031,0
4.53535e-06,0.000182432,-1.18356e-05,1.46552,0
2.03924e-05,-5.68216e-05,-9.78378e-06,1.66253,0
1.0138e-05,-0.000203658,1.03106e-07,1.74604,0
1.76174e-05,-0.000256978,1.22278e-05,1.85119,0
3.36946e-05,-0.000236289,2.98839e-05,2.00025,0
4.06556e-05,-0.000206961,4.53741e-05,1.92837,0.0457566
2.30696e-05,-0.000148891,4.75683e-05,1.98943,0
3.7095e-06,-6.90156e-05,5.20995e-05,2.1037,0
-1.06143e-05,-6.23677e-05,4.21241e-05,2.14963,0
-1.73389e-05,-6.49482e-05,1.48249e-05,2.14599,0
-1.07827e-05,-3.70169e-05,-4.92958e-07,2.18756,0
-1.45544e-05,-4.51959e-05,-1.99394e-05,2.13601,0.0254297
-1.69162e-05,-3.65255e-05,-3.34217e-05,2.16813,0
-9.71271e-06,7.70057e-05,-2.74832e-05,2.23171,0
-1.8321e-06,4.01099e-05,-2.42204e-06,2.21678,0
2.38499e-05,-2.49528e-06,1.51362e-05,2.24609,0
3.14048e-05,-0.000110356,2.70714e-05,2.28177,0
2.498e-05,-9.64751e-05,3.31873e-05,2.32556,0
-3.65502e-06,-0.000187125,2.7936e-05,2.37089,0
-2.33628e-05,-0.000230938,2.16175e-05,2.40339,0
-3.09546e-05,-0.000115301,1.72818e-05,2.41287,0
-3.72613e-05,-0.000100714,1.16858e-05,2.41584,0
-1.67046e-05,-7.57773e-05,4.61372e-06,2.43893,0
-1.55491e-06,-7.80704e-05,1.1255e-05,2.48259,0
2.98645e-07,-5.52482e-05,1.37576e-05,2.50312,0
2.82668e-06,-4.5138e-05,1.00862e-05,2.52044,0
1.47316e-05,-6.35833e-05,9.4994e-06,2.56309,0
2.03687e-05,-4.14223e-05,1.14867e-05,2.57409,0
3.35256e-05,-2.25528e-05,8.34575e-06,2.59174,0
-1.89239e-05,-2.66632e-05,1.0465e-06,2.54077,0.0248525
-2.35235e-05,-2.112e-05,-2.73823e-06,2.4805,0.0590046
-1.41646e-05,-3.55841e-05,6.63676e-06,2.46223,0.0511528
7.88438e-06,-3.05845e-05,2.13311e-06,2.44133,0.0459376
2.28294e-05,-1.30142e-06,2.14231e-06,2.36742,0.0937289
3.61305e-06,2.36291e-05,-1.39904e-06,2.3361,0.0989224
6.34286e-05,4.05945e-05,-1.35267e-06,2.26629,0.142616
9.68714e-05,7.67281e-05,-3.03847e-07,2.25195,0.130836
0.000125053,0.000104868,4.3461e-06,2.25698,0.0996835
0.000109721,0.000105862,7.37978e-06,2.22654,0.104002
6.04543e-05,7.0326e-05,1.01916e-05,2.2458,0.058622
9.19864e-06,5.40997e-05,4.23236e-06,2.19439,0.0839103
-3.31895e-05,3.47235e-05,3.81114e-06,2.18416,0.0680209
-5.013e-05,3.29474e-05,4.94222e-06,2.17133,0.0547302
-3.24273e-05,3.02023e-05,1.55904e-06,2.15382,0.0461281
2.46072e-05,2.84114e-05,9.72031e-07,2.15495,0.018874
5.82208e-05,2.13506e-05,-7.43875e-06,2.15983,0
6.45335e-05,-3.9768e-05,2.31208e-06,2.13855,0
0.00192673,-0.00106728,6.00997e-05,2.11483,0
0.00281302,-0.0014816,0.000580977,2.06937,0.019337
1.99007e-05,-3.16636e-05,8.84651e-08,2.03965,0.0229349
