-0.00463493	-0.0325078
-0.00396091	-0.0290738
-0.00134283	-0.0152821
0.000315855	-0.0235307
0.000678267	-0.011914
0.000691917	-0.0144452
0.000300525	-0.0360481
-0.00174771	-0.0493982
-0.00266506	-0.00621462
-0.00387982	-0.0229908
-0.00530547	-0.0289377
-0.00666298	-0.0287917
-0.00747609	-0.00900769
8.25316e-05	0.0167657
0.00223842	0.0146937
0.00484746	0.0216513
0.00565282	0.0326506
0.00581607	0.0249518
0.0054738	0.0172403
0.00509387	0.0218851
0.00453489	0.055622
0.00380993	0.0597691
0.00289071	0.0401125
-0.000971634	0.0299613
-0.10583	0.0722228
-0.154137	0.184652
-0.187073	0.122909
-0.182515	0.0350017
-0.141101	-0.258703
-0.0614006	-0.309474
0.0555393	-0.176569
0.157098	-0.0384736
0.199593	0.0342814
0.184378	0.388924
0.144377	0.153201
0.100232	0.120496
0.0883908	0.539429
0.0671882	-0.0431605
0.033372	0.946629
0.00182636	-0.0320083
-0.0265318	-0.104585
-0.0472827	0.0592634
-0.0557628	-0.23195
-0.0561578	0.0852365
-0.0521665	-0.0756982
-0.0465995	-0.210925
-0.039719	0.00485073
-0.0335312	0.0316712
-0.0334294	0.267939
-0.0355073	0.117434
-0.0306849	0.0226202
-0.021541	0.298221
-0.0153071	-0.0727625
-0.0108853	0.0756305
-0.00945047	0.130769
-0.00964281	-0.106114
-0.0107309	0.119744
-0.0118342	-0.10136
-0.0123828	0.0633458
-0.0113816	0.0948699
-0.015025	-0.0302553
-0.0215485	0.007369
-0.022611	0.0204049
-0.0226908	0.0698228
-0.0508655	0.0123335
-0.0886389	0.0616587
-0.131193	0.291792
-0.15591	0.293005
-0.152096	0.159237
-0.119261	0.001497
-0.107574	0.24494
-0.164607	0.240084
-0.220343	0.102166
-0.261492	-0.112204
-0.287273	0.0623636
-0.298635	-0.0355302
-0.295739	-0.186629
-0.242057	0.0139471
-0.147868	0.18764
-0.0471549	0.432863
0.012781	0.200046
0.02729	0.0995663
0.00902919	0.38719
-0.0145884	-0.132425
-0.0347099	-0.0365937
-0.0415707	-0.161695
-0.0370965	-0.126359
-0.0246637	-0.0749755
-0.00973773	-0.0375851
0.00185861	-0.0938805
0.00911131	0.0116702
0.0122445	-0.0426006
0.0117514	0.0395759
0.0084329	0.118058
0.00560396	-0.151782
0.00346236	0.00393156
0.00291784	-0.00647108
0.00343752	-0.0364403
0.0103761	0.084728
0.0158366	0.209629
0.0121005	0.326942
0.00592231	0.0150834
-2.07652e-05	0.202413
-0.00351993	-0.108273
-0.00707874	0.0160769
-0.00988287	0.077562
-0.0110917	-0.0663416
-0.0114238	0.0250315
-0.0116254	0.0265518
-0.00803251	0.0921053
0.00161	0.0195586
0.00920491	-0.0572365
0.0122708	0.0981759
0.0229789	-0.0108332
0.0514103	-0.00856949
0.0821914	0.180088
0.110211	0.377604
0.108565	0.293455
0.0928625	-0.0696724
0.074537	0.148034
0.112807	0.290998
0.165213	0.0387231
0.219449	0.0831836
0.251618	-0.114071
0.284309	-0.0102481
0.303044	0.089637
0.279178	-0.208068
0.210445	0.0514558
0.112131	0.0763576
0.0194565	0.111938
-0.00967122	-0.0186792
-0.00175525	0.232367
0.0184987	0.24812
0.0331396	0.0868963
0.0414103	0.167786
0.0415052	0.053686
0.034614	0.0609893
0.0227262	0.00707097
0.0116386	-0.0255379
0.000310213	-0.00913219
-0.00886622	0.00664151
-0.0154286	-0.16649
-0.0195027	4.90092e-05
-0.0198994	0.182645
-0.0168594	-0.215033
-0.012528	0.00164041
-0.00902548	0.16577
-0.00701337	-0.190356
-0.00573566	-0.0348012
-0.00487765	0.0513927
-0.00428454	-0.206398
-0.00401224	-0.261423
-0.00395435	-0.271664
-0.00354016	-0.0553655
-0.00487897	0.0582681
-0.0115312	0.364636
-0.012055	0.134345
-0.00789484	0.00499737
-0.00156019	0.113314
0.00372187	0.0910308
0.00761887	0.0388485
0.0109138	0.0178133
0.0136481	0.11639
0.0155248	-0.0790094
0.0178234	0.00462592
0.0200042	0.0801105
0.0155539	-0.0397468
0.00521767	0.0204749
0.00228127	0.0477013
-0.00921157	0.0307972
-0.0425284	0.0852958
-0.069008	0.211764
-0.0916792	0.327167
-0.0986902	0.216271
-0.0799607	-0.0843611
-0.0869285	0.0735364
-0.140311	-0.0967338
-0.193073	-0.254894
-0.231972	-0.158198
-0.264335	-0.00183983
-0.288333	0.04226
-0.286848	-0.0243204
-0.235839	0.377055
-0.165694	0.343781
-0.0802953	0.0843362
0.00124171	0.682206
0.0186445	0.277592
0.00750745	0.21363
-0.0153657	0.125971
-0.0305757	0.207043
-0.0374558	-0.004186
-0.0343199	0.197264
-0.0260234	-0.1681
-0.0136988	0.0735866
-0.00279409	0.0209634
0.00614854	-0.0407361
0.0140468	0.0870687
0.0188832	-0.196642
0.0209699	-0.0905546
0.0195959	0.0530829
0.0150439	0.0224524
0.00989005	0.036447
0.00606087	0.0409268
0.00374026	0.0881502
0.00235982	-0.134641
0.00185547	0.0802576
0.00188281	0.00285247
0.00224025	-0.185785
0.0026069	0.178849
0.00671557	-0.118327
0.0113393	0.232149
0.00895506	0.323618
0.00528729	-0.0176071
0.00216107	0.0556764
0.000739292	0.0380761
0.000682304	-0.00842142
0.00115994	0.0526199
0.00113816	0.0264431
-2.19835e-05	0.0116796
-0.00201319	-0.0384688
0.00030548	0.052011
0.010445	0.0957763
0.0159656	0.0112116
0.016502	0.0147177
0.0371681	0.0243708
0.0627929	0.0397575
0.091391	0.289282
0.110651	0.37332
0.10316	0.193346
0.0834898	-0.00949984
0.100368	-0.0527266
0.146024	-0.164745
0.201516	-0.262558
0.236641	-0.405161
0.270556	-0.411799
0.297408	-0.476251
0.293192	-0.291994
0.234636	-0.089706
0.157034	-0.172375
0.0545479	0.334203
-0.0123595	0.031893
-0.0340906	0.182101
-0.0166768	-0.0215251
0.013545	-0.0727486
0.0339629	-0.0515339
0.0455815	0.0372158
0.0456454	-0.0238026
0.0370454	-0.0164254
0.0235245	0.112534
0.010195	-0.176926
-0.00209654	-0.0153852
-0.0115173	-0.0310049
-0.0170219	-0.110341
-0.0186714	0.00560607
-0.0156537	-0.0439007
-0.0111929	0.02794
-0.00752779	0.036402
-0.00531243	-0.0422979
-0.00385975	0.0752125
-0.00302519	-0.0379714
-0.00195086	-0.0024999
-0.000654357	-0.0217629
0.000200953	-0.0179452
0.00061963	0.177907
0.000626651	-0.0283688
0.000520262	-0.11461
0.000208379	0.00253851
-3.19658e-05	-0.0188211
-0.000433978	0.087206
-0.000684483	-0.201312
-0.0004086	0.00350608
0.000136421	0.000333753
0.00113625	0.0565627
0.00025159	0.0324774
-0.00410619	0.186852
-0.00332498	0.198636
-0.000248552	0.00400455
0.00362071	0.293221
0.00625333	0.0225051
0.00803405	0.00776727
0.00965463	0.0757083
0.010879	0.00293443
0.0116034	0.112344
0.0119574	-0.0508383
0.0124703	0.0388909
0.00998214	0.0337832
0.000219264	0.0345374
-0.00206761	0.0114512
-0.0133652	0.0079006
-0.0400895	0.0398605
-0.0625494	0.259842
-0.0819123	0.357833
-0.0896859	0.284035
-0.0762491	-0.000671054
-0.0909924	0.0108722
-0.140107	0.126855
-0.187242	0.0980942
-0.223001	0.177258
-0.247842	0.063992
-0.271579	-0.022271
-0.278581	0.289937
-0.246028	0.105782
-0.182416	0.259668
-0.0872217	0.382325
-0.0137974	0.214422
0.0157683	0.47796
-0.000509531	0.348846
-0.0259491	0.423119
-0.0499327	0.16163
-0.0594482	0.0813262
-0.0529299	0.092142
-0.0401343	0.0446822
-0.02145	0.0790512
-0.00699022	0.010417
0.00595858	0.0552422
0.0144617	0.0439168
0.0194333	-0.00559947
0.0227077	0.194774
0.0237161	-0.0463901
0.0224256	-0.111661
0.0178717	0.136178
0.0141101	-0.0611102
0.0114491	-0.216137
0.0100933	0.190027
0.00969859	-0.0310668
0.00913097	-0.194744
0.00759575	0.134298
0.00555872	-0.0452327
0.00333992	-0.0100389
0.00115515	-0.170591
-0.000583803	0.00915076
-0.00163916	-0.0348832
-0.00231284	0.0253703
0.0036509	0.282802
0.00727034	0.166227
0.00625924	0.160398
0.0034394	0.164847
0.00149392	0.150276
0.000403218	-0.0667695
-8.73374e-05	-0.0199193
-0.000704579	0.031225
-0.00189332	-0.0082948
-0.00387546	0.00789792
-0.00655678	0.0385768
-0.00811069	0.0711117
-0.0010501	-0.00968214
0.00649623	0.0772646
0.00757593	-0.00627713
0.0116886	-0.00837881
0.0357977	0.107789
0.0593994	0.195777
0.0828815	0.259127
0.0902417	0.241721
0.0828275	0.045315
0.0843482	0.00170627
0.128145	0.0100924
0.175574	-0.171747
0.212545	-0.233717
0.240554	-0.0333685
0.264089	-0.138046
0.279689	-0.227227
0.252177	0.116875
0.196589	-0.0241719
0.120541	-0.172336
0.0283751	0.455695
-0.0134437	0.295227
-0.0172371	0.159812
-5.05889e-05	0.228203
0.0226765	0.113136
0.0428918	0.224682
0.053875	-0.180963
0.0567666	-0.0466117
0.0497744	-0.0855557
0.0362399	-0.0313113
0.0217561	-0.0348573
0.00789402	-0.00582483
-0.00344389	0.118958
-0.0112499	-0.122101
-0.0164353	0.16569
-0.0163483	-0.196175
-0.0123368	0.0116038
-0.00832038	0.139827
-0.00625567	-0.181519
-0.00612203	0.127894
-0.00720202	-0.0693995
-0.0080308	-0.18354
-0.00775235	-0.00909486
-0.00645123	-0.00769045
-0.00508826	0.136597
-0.0037573	-0.224275
-0.00235878	-0.0484135
-0.0014641	0.140971
-0.00119749	-0.23011
-0.00167854	-0.0547124
-0.00209062	-0.0118375
-0.00187996	0.142756
-0.00113653	-0.224466
-0.000294921	0.028745
-8.30759e-05	-0.0490974
-0.000397969	-0.0468912
-0.000609635	0.128373
-0.000741315	-0.185307
-0.000470853	0.171367
-0.00105262	-0.0116603
-0.00495207	0.0708538
-0.00647088	0.236231
-0.00354744	0.197585
4.45509e-05	-0.0161779
0.00309934	0.0808075
0.00494574	0.0321849
0.00648658	0.0642018
0.00883569	0.107552
0.0113244	-0.0942053
0.0146646	0.00878274
0.0176947	0.111061
0.0172172	-0.0534977
0.00724055	0.0953901
0.00305701	0.0217076
-0.00074588	0.030603
-0.0247915	0.0463277
-0.046156	0.177866
-0.0645362	0.240949
-0.077692	0.407037
-0.0732272	0.0686043
-0.0782534	-0.115854
-0.125591	-0.0172025
-0.167489	-0.0904657
-0.200002	-0.247687
-0.232608	-0.291084
-0.26264	-0.217261
-0.277676	-0.0216648
-0.251672	-0.143527
-0.189572	-0.107239
-0.0985951	-0.0261592
-0.0125573	0.1344
0.012792	0.236173
0.00321729	0.161632
-0.0187274	0.180145
-0.0383096	0.0502988
-0.0480808	-0.0284659
-0.0484583	0.0221626
-0.0379477	0.0481113
-0.0221547	-0.163652
-0.00614124	0.0710096
0.00587085	0.0622229
0.0132113	0.0248152
0.0171872	-0.000982621
0.0186302	0.0121599
0.0174837	0.188949
0.0137257	-0.047809
0.00850903	-0.182599
0.00383388	-0.0105763
0.0012402	-0.00380802
0.000296907	0.164364
0.00020436	-0.0500807
0.000374274	-0.185946
0.000531275	0.187408
0.000447541	-0.209419
0.000330198	0.0097324
0.000419277	0.177711
0.000526319	-0.180662
0.000871644	0.187024
0.00140612	-0.0236639
0.00197616	-0.0219899
0.00284819	0.165653
0.00289111	-0.198449
0.00662023	0.0854448
0.0119298	0.325159
0.0104192	0.0512675
0.00541012	0.257181
0.00201411	0.0280781
-5.34038e-05	-0.078935
-0.0011402	0.0455583
-0.00210286	0.0652215
-0.00438626	0.00374558
-0.00772862	0.0476859
-0.0109359	0.0878283
-0.0129538	-0.0294525
-0.0053722	0.0467504
0.000410698	0.0487204
0.00255894	0.0138176
0.0228433	0.0120188
0.0475342	0.134282
0.069981	0.277394
0.0848257	0.311385
0.0830204	0.146102
0.0765699	-0.0785265
0.106358	0.114677
0.153006	0.0823509
0.186322	-0.143703
0.218343	-0.112766
0.250362	-0.0871739
0.274733	0.0835869
0.263259	-0.0875989
0.206261	0.281291
0.122836	0.65142
0.0434264	0.274578
-0.00840608	0.57077
-0.00739643	0.419776
0.0148568	0.222963
0.0396085	0.137243
0.0554794	0.195901
0.0605557	0.0575042
0.0569881	-0.176764
0.044097	0.153835
0.0299344	-0.192288
0.0124159	0.0463904
-0.00258007	0.165945
-0.0123557	-0.138804
-0.0194994	0.198524
-0.0221429	-0.185136
-0.0218268	0.0119251
-0.0167978	0.179351
-0.0107366	-0.210425
-0.00546992	-0.0053976
-0.00327693	-0.00421881
-0.00337406	-0.0476745
-0.0046577	0.00323765
-0.00579073	0.022503
-0.00589759	0.0383108
-0.00440977	-0.163993
-0.00237835	0.208494
-0.000652099	-0.148184
0.000505195	-0.00553417
0.00105973	-0.0213588
0.00196303	0.0553591
0.00280036	0.00621248
0.00285796	0.156233
0.00271899	0.0564401
0.00217969	0.103406
0.00122628	-0.15365
0.000150512	-0.0582263
-0.000586476	-0.0200775
-0.000816048	0.0251948
-0.000880004	0.0308406
-0.00115133	-0.140535
-0.00138576	0.0224912
-0.00110605	0.188128
-0.00112807	-0.0296243
-0.00435344	0.061115
-0.00693132	0.247854
-0.0041952	0.101211
-4.94678e-05	0.263132
0.00324224	-0.0566524
0.00636451	0.043175
0.0085774	0.023473
0.0107773	0.039637
0.0127994	0.0958315
0.0141072	-0.0767538
0.0152244	0.000746416
0.0138998	0.0350459
0.00216271	0.0179475
-0.00585194	0.0340984
-0.0112017	0.0456633
-0.036052	0.0831979
-0.0579664	0.283125
-0.0750675	0.217686
-0.0887332	0.332448
-0.0839793	0.0495039
-0.0837947	-0.0716753
-0.126146	0.0674016
-0.167234	-0.141834
-0.199513	-0.319118
-0.230758	-0.237298
-0.257826	-0.283671
-0.281353	-0.408756
-0.270133	-0.378908
-0.210657	-0.204317
-0.116061	-0.0803521
-0.0370831	0.287972
