0.003108	0.0234264
1.1476e-05	0.00517686
8.4785e-05	0.0168855
3.86259e-05	0.0197074
5.17191e-05	0.0135471
1.75498e-05	0.0133117
2.44293e-05	0.0158556
2.79951e-05	0.00479267
1.35102e-05	0.00134204
6.7069e-05	0.00831549
1.75107e-05	0.00225285
2.4352e-05	0.000203335
8.12928e-05	0.0122999
0.000171863	0.00572804
0.00029567	0.00753556
0.00055426	0.0107549
0.000531637	0.0147375
0.000666318	0.00489472
0.000637569	0.0137315
0.000637302	0.00429683
0.000614232	0.00475626
0.000659184	0.00359018
0.00055027	0.0160569
0.000672563	0.0106984
0.000600583	0.0089368
0.000552808	0.00710651
0.000795762	0.000431896
0.000593097	0.000974607
0.000664601	0.00939235
0.000649062	0.00171983
0.000796267	0.00298562
0.000524783	0.00688294
0.000535073	0.00708269
0.00058682	0.0135237
0.000623131	0.00597492
0.000449121	0.00433436
0.000493544	0.0135672
0.000526936	0.00995969
0.00053131	0.00673324
0.000661945	0.00512855
0.000248329	0.0181869
0.000215092	0.0135915
0.000100033	0.0103625
4.56846e-05	0.013303
3.47851e-05	0.00447539
0.00010792	0.011377
0.000126101	0.0190046
0.000131683	0.00928619
0.000252238	0.0081364
0.000185532	0.0140803
0.00024039	0.00591643
0.000382764	0.00379145
0.000336655	0.00421549
0.000412763	0.0078441
0.000465733	0.0152953
0.00049006	0.0108431
0.00661131	0.0110969
0.00220146	0.00700893
0.000613665	0.0135748
0.000611819	0.00325466
0.000667885	0.0128759
0.000716862	0.0108482
0.000685844	0.0165167
0.000532933	0.00852458
0.000820508	0.00109734
0.000845558	0.00518228
0.000695975	0.0112223
0.000912199	0.00265529
0.00083066	0.00473105
0.000805783	0.00489237
0.000958172	0.00409237
0.000749926	0.000947495
0.000900378	0.00450347
0.000853668	0.0140023
0.000744832	0.010968
0.000711037	0.00188651
0.000611404	0.000185082
0.00080293	0.0154006
0.000710736	0.00362017
0.000590379	0.00558196
0.000659306	0.0137937
0.00071638	0.00752011
0.000588293	0.00502308
0.000533337	0.00551826
0.000695863	0.0027727
0.000447755	0.00578672
0.000267121	0.00366113
0.0001785	0.00041372
0.000103493	0.00119202
2.9644e-06	0.00156001
0.000125197	0.00570184
0.000108889	0.00318814
0.000235184	0.000651535
0.000219412	0.00185869
0.000273331	0.0116518
0.00028427	0.00229498
0.000291382	0.00718432
0.000373716	0.0114519
0.000355195	0.00837492
0.000626781	0.0101133
0.000561602	0.00598476
0.000538008	0.00939126
0.000560911	0.0125808
0.000535054	0.00462976
0.000608554	0.00720352
0.000567188	0.00358125
0.000741062	0.000314806
0.00057178	0.0105188
0.00100722	0.00950401
0.000679965	0.00947992
0.000681283	0.0119255
0.000681633	0.000276853
0.000697901	0.0179631
0.000610326	0.00884678
0.000562561	0.0193915
0.000477968	0.00678511
0.000491613	0.00831569
0.000368859	0.00867655
0.000359973	0.0143145
0.000357837	0.00339046
0.000374202	0.00870619
0.000305548	0.00863074
0.000256944	0.00280668
0.000303742	0.0085125
0.000315916	0.00475223
0.000266908	0.0104498
0.000211881	0.00588021
0.000185445	0.0142565
0.000280994	0.0131927
0.000175243	0.00778118
0.000159402	0.0169894
0.000124997	0.0188151
9.51213e-05	0.0126156
5.70889e-05	0.0155289
5.61615e-05	0.0112311
4.72602e-05	0.0173899
4.23379e-05	0.00132086
5.82985e-05	0.00562449
2.84836e-05	0.00493247
5.41117e-05	0.0119758
7.89198e-05	0.00155451
0.000143467	0.00455583
9.64641e-05	0.00121822
0.000105631	0.00367372
0.000169527	0.00537113
0.000153317	0.00647803
0.000182422	0.0175738
0.000260406	0.00894531
0.000264167	0.000442911
0.000265251	8.33057e-05
0.000393938	0.00158853
0.00040959	0.00181739
0.000390613	0.00928034
0.000423079	0.00115516
0.000463528	0.0112324
0.000469833	0.00385533
0.000490202	0.0013845
0.000496167	0.0193778
0.000549124	0.00107648
0.000634239	0.00128767
0.000565722	0.000441202
0.000572771	0.00837525
0.000511106	4.53655e-05
0.000454115	0.0114263
0.000677827	0.00710207
0.000594134	0.0235162
0.000507903	0.0190995
0.000572297	0.0110983
0.000607947	0.0109747
0.00054049	0.016216
0.000517049	0.00889529
0.000575705	0.00699461
0.000475414	0.0167397
0.000428732	0.00498265
0.000406116	0.00770898
0.00040796	0.00130582
0.0921088	0.0181488
0.00918849	0.0193759
0.01283	0.0344563
0.00759244	0.0182918
0.00736013	0.00269768
0.00582394	0.0308043
0.00542215	0.0486862
0.00549793	0.0439105
0.00446428	0.0338858
0.00413764	0.0375699
0.00367953	0.0193203
0.00319101	0.00427551
0.00309825	0.0222168
0.0020743	0.022131
0.00105286	0.000689845
2.6837e-05	0.00622231
0.00118603	0.00254004
0.00241908	0.0288597
0.00368169	0.0162842
0.00554152	0.00299372
0.00525633	0.0203498
0.00704655	0.0265264
0.0171275	0.0284824
0.00863382	0.0547616
0.00951787	0.0647132
0.0135347	0.0634677
0.0146431	0.0477377
0.0104606	0.0688176
0.0166897	0.0424644
0.0134829	0.045209
0.0180928	0.0454762
0.0145007	0.070733
0.019138	0.0308216
0.0153655	0.0487866
0.0224289	0.0173465
0.0179229	0.0337638
0.015411	0.0355061
0.0169285	0.0949837
0.0181451	0.00765895
0.0168279	0.00208763
0.0149976	0.00742593
0.0117795	0.00179264
0.0115858	0.0239871
0.00887942	0.0186519
0.00747304	0.080967
0.0059842	0.0109122
0.00485912	0.043038
0.00235367	0.0399852
0.00129794	0.0133252
0.000124171	0.0952942
0.0013691	0.0519121
0.00258717	0.106676
0.00295027	0.0652187
0.00365363	0.0922144
0.00848414	0.126918
0.00618231	0.041529
0.00674812	0.150893
0.00720038	0.0544658
0.00853103	0.0723584
0.0078056	0.067771
0.00796253	0.0606506
0.00797061	9.03775e-05
0.00799084	0.104898
0.00870861	0.0680951
0.00671823	0.0768972
0.00479995	0.0469856
0.00493909	0.0595988
0.00309165	0.0777842
0.000972055	0.0679323
0.00197931	0.0898308
0.00253738	0.141484
0.00318851	0.0615501
0.00370988	0.110822
0.0047686	0.109316
0.00465916	0.119573
0.00488497	0.119889
0.0051567	0.0842327
0.00528682	0.0515011
0.00469366	0.0902556
0.00608231	0.163522
0.00545303	0.130728
0.00613431	0.158666
0.00540186	0.0536702
0.00458692	0.087379
0.00517561	0.0537967
0.00565774	0.0450536
0.00434923	0.0236294
0.00492073	0.0147943
0.00479885	0.116411
0.00467919	0.0211638
0.00451026	0.00941404
0.00441859	0.0155448
0.00426489	0.0365613
0.00662449	0.00554108
0.00361722	0.104531
0.0029228	0.00971734
0.00352208	0.00248415
0.00312022	0.0200391
0.00243028	0.0259679
0.00181082	0.0282437
0.00331315	0.063139
0.00111208	0.0289878
0.000824034	0.0229777
0.000551231	0.00125735
0.000410631	0.0248824
0.000115249	0.0172913
0.000341155	0.000598742
0.000466019	0.0271723
0.000680283	0.0332653
0.000738986	0.0100921
0.000830524	0.122312
0.00103956	0.0181141
0.000990327	0.0398699
0.000920787	0.0446243
0.0011538	0.0151351
0.00119913	0.00533154
0.00096067	0.101838
0.0012523	0.0320311
0.00099048	0.0103317
0.00144073	0.0333894
0.00115471	0.0335753
0.00116869	0.0159138
0.00114975	0.127237
0.00130211	0.0471193
0.000999961	0.049136
0.0012955	0.0417113
0.00116261	0.039842
0.00122325	0.103008
0.00104926	0.039507
0.00124478	0.0434845
0.000825904	0.0205835
0.000772674	0.0167655
0.000462633	0.0530809
0.000109714	0.108172
0.000155497	0.0307436
0.000456277	0.0443476
0.000586506	0.0543972
0.000886898	0.0142751
0.00105396	0.118544
0.00120985	0.0792452
0.000851803	0.0765507
0.000561278	0.0885977
0.000204757	0.00541019
0.000127297	0.0877186
0.000409357	0.0767499
0.000675786	0.0975468
0.000865906	0.0643738
0.00100543	0.0853812
0.00111209	0.0342564
0.00115484	0.0932055
0.00117896	0.0505152
0.00117978	0.0723845
0.00114329	0.0796198
0.0021831	0.0394329
0.00150176	0.0578598
0.000970351	0.0540608
0.000868965	0.0532401
0.000792587	0.0248728
0.000780547	0.00745718
0.000578718	0.0435705
0.000494523	0.0769288
0.000353461	0.0350471
0.000228643	0.0372449
6.93817e-05	0.0248337
3.2315e-05	0.000541093
1.79671e-05	0.0969089
8.4592e-05	0.0442884
0.000143258	0.047732
0.000171708	0.0410379
0.000237413	0.0270036
0.000296038	0.010721
0.000278421	0.0658627
0.00025415	0.0368749
0.00033544	0.00388582
0.000213029	0.0315373
0.000159143	0.0331674
0.000152225	0.00122329
0.000100609	0.0616071
0.000110658	0.0250449
8.15224e-05	0.0279992
5.00847e-05	0.03605
4.33736e-05	0.0106335
2.08449e-05	0.0139254
3.34848e-05	0.0643512
7.6659e-05	0.0256378
0.000122368	0.0153554
0.000163276	0.0291559
0.000239763	0.00405878
0.000288721	0.0441498
0.000375325	0.019044
0.000450917	0.0294105
0.000449894	0.0195558
0.000451699	0.00942668
0.000643328	0.0223561
0.000901921	0.0216732
0.000698049	0.05515
0.00072431	0.0264483
0.000707159	0.0217501
0.000234846	0.035322
0.000343038	0.0120593
0.000621807	0.0552619
0.00103223	0.0192153
0.00155679	0.0211834
0.00222758	0.0334899
0.00102154	0.00179404
0.000669066	0.0258571
0.000468634	0.0251722
0.000253467	0.00833088
4.80805e-05	0.000747277
0.000198863	0.0482328
0.000386674	0.0190462
0.000559786	0.0180722
0.000644619	0.0115142
0.000850657	0.0131578
0.000729043	0.0126268
0.000667671	0.00882651
0.000522645	0.045749
0.000547446	0.0159153
0.000570761	0.025948
0.000431439	0.0126692
0.00203585	0.0176477
0.00416155	0.00546715
0.00422498	0.0389166
0.00558184	0.0213059
0.00698014	0.0112033
0.00739934	0.0193936
0.00671505	0.0393793
0.00673185	0.0142961
0.0059128	0.025979
0.00759737	0.0396336
0.00675783	0.0301236
0.00670362	0.0294568
0.00670426	0.0166243
0.0074992	0.00647988
0.00668658	0.0666503
0.0067509	0.0538832
0.00670019	0.0772534
0.00636214	0.0387514
0.00581139	0.00413844
0.00510278	0.0538529
0.00417449	0.111615
0.00340474	0.0856944
0.00185154	0.0696627
0.000770658	0.0497815
0.000230908	0.0130602
0.00121808	0.0688435
0.00189091	0.0540054
0.00248975	0.0363768
0.0044243	0.012409
0.00566532	0.000243455
0.0125413	0.00426942
0.00684614	0.015494
0.00784385	0.0041062
0.00605823	0.00505046
0.00409687	0.0141265
0.000431776	0.0318474
0.00474975	0.0254099
0.00646379	0.0360605
0.00789013	0.0263293
0.0101265	0.0291312
0.00972757	0.00759802
0.0104351	0.0296681
0.0108128	0.010428
0.0112206	0.00613633
0.013059	0.0097096
0.0114468	0.0255135
0.0109672	0.0503312
0.0103823	0.0288811
0.0107289	0.0444564
0.00762035	0.036976
0.00809392	0.0458456
0.00833789	0.0392335
0.00634724	0.0667077
0.00757501	0.0382396
0.00605184	0.0456204
0.00596055	0.0358313
0.00409707	0.0443142
0.00848117	0.0354617
0.00451458	0.0296912
0.00326952	0.0166279
0.00361264	0.0411335
0.00351012	0.0336389
0.00312021	0.0858956
0.00283515	0.0279369
0.00263754	0.0332655
0.00213641	0.0464003
0.000617027	0.0475534
0.00159204	0.043264
0.00298053	0.0972467
0.00451523	0.0445031
0.0084309	0.0128868
0.00848249	0.0109887
0.00998914	0.0300544
0.00978318	0.12094
0.0139404	0.000808832
0.0135441	0.00267762
0.0125072	0.00693369
0.0169753	0.039572
0.0181486	0.00368548
0.017016	0.00455855
0.0154384	0.100762
0.0180548	0.00104529
0.0180515	0.0135543
0.0203801	0.0177102
0.0182385	0.025065
0.0179424	0.134188
0.017162	0.0346053
0.0181007	0.0461991
0.014783	0.0319268
0.013266	0.0227338
0.0115585	0.102848
0.00830791	0.0647136
0.00639737	0.072573
0.00531964	0.0036889
0.00372045	0.0592855
0.00171067	0.0963107
0.000364954	0.0693383
0.000623876	0.0682841
0.00215711	0.0739238
0.00263793	0.0669034
0.00286795	0.0182333
0.00420655	0.103182
0.00412662	0.064035
0.00492602	0.0477857
0.00444076	0.0567462
0.00391398	0.0102233
0.00509452	0.0657609
0.0044978	0.101366
0.0043357	0.0578563
0.00423649	0.022247
0.00441646	0.0402271
0.00369837	0.00924731
0.00348787	0.109538
0.00319269	0.00153886
0.00323771	0.0302491
0.00218723	0.0220503
0.00195289	0.0279696
0.00200776	0.114346
0.00149875	0.0286798
0.00121468	0.0152116
0.00113139	0.017865
0.000887215	0.0311014
0.00048374	0.103585
0.0001534	0.0154789
0.000158086	0.0185206
0.000479549	0.00228163
0.00217588	0.0132006
0.00159238	0.0149436
0.00180123	0.112948
0.00181871	0.00144968
0.00296225	0.017046
0.0024606	0.124344
0.00321079	0.1841
0.00287168	0.0390081
0.00329489	0.0166945
0.00293184	0.0322493
0.00255101	0.105055
0.00289878	0.00211019
0.00315861	0.0302454
0.0024134	0.0286224
0.00270133	0.00907876
0.00288603	0.0088609
0.0027647	0.0240233
0.002373	0.0991512
0.00218673	0.0224269
0.00181937	0.00647231
0.00218325	0.026807
0.00181205	0.0261366
0.00142675	0.115096
0.00133701	0.0237307
0.00139839	0.024942
0.00244788	0.0355303
0.000900993	0.0175828
0.000967328	0.0287941
0.00109075	0.044659
0.000822952	0.0188321
0.000236344	0.0350992
9.00626e-05	0.0324773
2.26907e-05	0.0428278
0.000184756	0.0119229
0.000285668	0.00368398
0.00051805	0.0423799
0.000521278	0.105121
0.000592535	0.0124907
0.0007349	0.0460621
0.000851073	0.0488362
0.000850164	0.0456204
0.000900342	0.0364348
0.000982616	0.109566
0.000720361	0.0372093
0.000852683	0.0439405
0.000986806	0.0209596
0.000775908	0.00861644
0.000567349	0.111549
0.000598229	0.0351039
0.000566605	0.0227188
0.000601809	0.0362747
0.000359318	0.0275647
0.000269303	0.0243068
0.000166999	0.032499
9.93069e-05	0.112758
4.89666e-05	0.03308
5.7281e-06	0.0323098
4.21908e-05	0.0172813
9.46093e-05	0.0140482
0.000167635	0.109842
0.000129643	0.035386
7.28155e-06	0.0285707
0.000263364	0.0351514
0.000497678	0.0341265
0.000742658	0.00741789
0.00220878	0.0925655
0.00160373	0.0542403
0.00166269	0.0674381
0.00179338	0.0244577
0.00195222	0.0722885
0.00111435	0.0863251
0.0013177	0.0678253
0.0007388	0.0667511
0.000394857	0.0173544
6.19795e-05	0.0946773
0.000235315	0.0792789
0.000470608	0.0735387
0.000784058	0.101788
0.000833582	0.0995766
0.000995723	0.0899408
0.00107641	0.0123888
0.00270398	0.135713
0.00111524	0.0879956
0.00109331	0.0476819
0.0010416	0.0710013
0.00105324	0.00904836
0.000845805	0.076996
0.000779604	0.0344679
0.00078519	0.0512038
0.000618252	0.0455478
0.00054605	0.0384307
0.000476191	0.00851203
0.000454698	0.0804669
0.000347116	0.0405444
0.0003338	0.0425617
0.000272199	0.0048446
0.000413907	0.0431505
0.00033866	0.0629233
0.000341474	0.0215885
0.00032136	0.0180752
0.000444409	0.0425572
0.000382374	0.0309715
0.000381392	0.0029097
0.000718142	0.0590547
0.000298499	0.0380665
0.000270198	0.0296388
0.000349896	0.0210593
0.000353083	0.0270739
0.000651132	0.0286596
0.000355585	0.0277373
0.000418279	0.0274901
0.000407349	0.0297789
0.00093507	0.0226426
0.000622887	0.0151891
0.000587471	0.0283441
0.000634646	0.0217731
0.00130603	0.0306039
0.000601601	0.0248271
0.000547691	0.0298401
0.000738131	0.0177002
0.00074535	0.0154599
0.000305957	0.0343067
0.000753747	0.0197326
0.00155266	0.026479
0.00161716	0.0298638
0.00157793	0.000126003
0.00148176	0.0494921
0.00140312	0.025595
0.00149844	0.0312644
0.00143517	0.0305141
0.00127127	4.29757e-05
0.00121759	0.0281998
0.000876012	0.0474387
0.000573538	0.0308808
0.000499067	0.0182826
0.000314873	0.0183231
8.3012e-05	0.000468707
2.56188e-05	0.0396361
8.9214e-05	0.0192971
0.000250324	0.0179105
0.000199991	0.00659739
0.000287068	0.00104585
0.000271063	0.0187758
0.000761815	0.0397127
0.0024528	0.017842
0.00399647	0.0214537
0.00501949	0.0158965
0.00638338	0.026311
0.0059966	0.0044162
0.00611929	0.0315621
0.00536053	0.0170454
0.00680875	0.025841
0.00597948	0.0318148
0.008071	0.025197
0.00565258	0.0340439
0.00595002	0.0329283
0.00500876	0.0486391
0.00494263	0.0648427
0.00497197	0.0722444
0.00557238	0.0561871
0.004844	0.0500445
0.00398616	0.0262676
0.00426777	0.0823396
0.00437312	0.0830161
0.00290578	0.0935332
0.00165895	0.0564348
0.000478528	0.00911719
0.000261001	0.0824766
0.000749283	0.0647871
0.00132822	0.0507652
0.00152541	0.0316246
0.00188591	0.0123955
0.00223056	0.0359249
0.002512	0.00776035
0.00279476	0.00882141
0.00344911	0.018094
0.00292273	0.0113167
0.00377437	0.00020091
0.00206048	0.0341644
0.000431091	0.0334151
0.00207108	0.0257803
0.00361914	0.0112527
0.00850316	0.0374263
0.00747489	0.0209009
0.00894503	0.0465476
0.00727548	0.0485681
0.00770655	0.00802414
0.0104848	0.0796146
0.00964396	0.0256552
0.00985637	0.0290823
0.00879848	0.0398483
0.0113284	0.0404001
0.00856681	0.0392872
0.00930959	0.000924603
0.00883365	0.0460967
0.0080761	0.0237338
0.00770608	0.0168126
0.00728659	0.013661
0.00675541	0.0020824
0.00624655	0.0215351
0.00582635	0.0660603
0.00489092	0.0220068
0.00556615	0.0249602
0.00619838	0.00187684
0.0046117	0.0184373
0.00482222	0.0824633
0.00611094	0.00166706
0.00436383	0.0434563
0.00299838	0.0201465
0.00217661	0.0177997
0.00175822	0.012684
0.0012497	0.0126128
0.000450909	0.0136218
0.000848174	0.0766528
0.00231287	0.00556264
0.00447166	0.0232329
0.00561699	0.0315247
0.00698736	0.00884722
0.00831753	0.104766
0.0107623	0.0241341
0.0105984	0.0235348
0.0114034	0.019535
0.0106473	0.0427106
0.0129181	0.106339
0.0131893	0.035293
0.0134407	0.0290354
0.014022	0.000576587
0.0128231	0.0130439
0.0169528	0.0165094
0.0153928	0.115288
0.0156852	0.00148502
0.017978	0.0256827
0.0160158	0.0353676
0.015801	0.0271961
0.0153281	0.0416268
0.0165043	0.100043
0.011648	0.0339695
0.0130364	0.0261401
0.00950297	0.0112415
0.0073859	0.00679372
0.00595271	0.058997
0.00389634	0.0932355
0.00124395	0.0635169
0.000210494	0.0909496
0.00094028	0.0166777
0.0019622	0.0947097
0.00238213	0.0784284
0.00339105	0.0869962
0.00358861	0.0852245
0.00390303	0.0654001
0.00363438	0.040524
0.00507372	0.0706254
0.00476539	0.00936028
0.00490874	0.112261
0.00488553	0.0453203
0.00528687	0.0669154
0.00455029	0.0607686
0.00428824	0.00325791
0.00302101	0.118537
0.00439937	0.0581269
0.00413221	0.0499368
0.00337102	0.0596315
0.00380682	0.0303897
0.00277776	2.0684e-05
0.0013961	0.0978708
0.00162003	0.0454927
0.00141285	0.0193371
0.000941627	0.0427955
0.000631776	0.0505112
0.000406172	0.00481987
5.164e-05	0.131332
0.000191763	0.0400117
0.000417959	0.0361063
0.000594668	0.0344041
0.00073237	0.0337558
0.00116036	0.0936039
0.00115562	0.0247179
0.00125929	0.0246912
0.00125114	0.000736447
0.00167643	0.00939878
0.001583	0.109753
0.00166989	0.0350988
0.00176248	0.00925239
0.00208635	0.0321601
0.00168553	0.0388389
0.00168953	0.0305837
0.00171499	0.124464
0.0019205	0.0266328
0.00188182	0.0191116
0.00208955	0.0127588
0.00207932	0.0214565
0.00239882	0.0691852
0.00183999	0.0255806
0.00155841	0.11231
0.00172688	0.00897218
0.00189184	0.0344168
0.00164348	0.0208555
0.00162614	0.00562032
0.00137482	0.128787
0.00191293	0.0420514
0.00151299	0.0215254
0.00129123	0.0305005
0.00143314	0.0305363
0.00173932	0.0346342
0.00100109	0.107165
0.00141191	0.0238315
0.0013557	0.0123524
0.00111335	0.0422151
0.0010359	0.0109168
0.00119603	0.109101
0.000848205	0.0166481
0.000858278	0.0323546
0.00061328	0.0322295
0.000462567	0.0441692
0.000354343	0.00691395
0.000253192	0.0247593
7.46371e-05	0.114241
1.48122e-05	0.0387183
0.000103908	0.0107061
0.000253089	0.0338741
0.000280153	0.0267847
0.000284665	0.00290004
0.000362372	0.129598
0.000384017	0.0231688
0.000307261	0.0204772
0.000288395	0.0389243
0.000210021	0.0448531
0.000217299	0.1178
0.00017861	0.0381768
0.00012274	0.0560515
8.01124e-05	0.0215024
5.95829e-05	0.016874
3.41673e-06	0.0880274
5.78183e-05	0.00825566
0.000109781	0.0292332
0.000141598	0.033627
0.000169381	0.0027559
0.000194832	0.129987
0.000324485	0.0386874
0.000259295	0.0397138
0.000239265	0.041986
0.000326853	0.0368495
0.000313668	0.0345026
0.0002492	0.11793
0.00023271	0.0449309
0.00027562	0.0246914
0.000265354	0.0221168
0.000190294	0.103758
0.000212186	0.0453369
0.00013846	0.0138534
0.000142043	0.0454499
8.69283e-05	0.0468399
3.59993e-05	0.0477564
9.78222e-05	0.0311433
2.48952e-05	0.0398852
2.04809e-05	0.0359053
1.64099e-06	0.0275614
1.12571e-05	0.0434762
7.98842e-07	0.108103
2.00816e-05	0.0368819
1.50956e-05	0.0202663
1.52802e-05	0.035881
3.10049e-05	0.0349646
2.71341e-06	0.0436486
1.46881e-05	0.032353
4.23309e-06	0.105676
4.47799e-05	0.0406894
7.84888e-05	0.0326636
6.96292e-05	0.0291722
0.00011155	0.0417392
8.60968e-05	0.000535279
2.2314e-05	0.108746
5.37839e-07	0.0252344
9.54187e-06	0.0344214
9.72569e-05	0.037218
0.000251913	0.0388496
0.000387858	0.0360965
0.000644655	0.10526
0.000724184	0.0400213
0.00086399	0.0583178
0.00103708	0.0324394
0.00125915	0.0621837
0.00105814	0.00303619
0.000692784	0.091466
0.000832087	0.061233
0.000548723	0.0750565
0.000227171	0.0750517
7.69552e-06	0.0271414
0.000166849	0.110699
0.000477868	0.0761918
0.000602224	0.0923466
0.000642376	0.0901426
0.000822945	0.0121473
0.00107568	0.0768583
0.000873524	0.079757
0.00122633	0.0782215
0.0009697	0.0614355
0.00140687	0.0791361
0.00119884	0.0125805
0.00116113	0.0813678
0.00115931	0.0413956
0.0013119	0.0579451
0.000998232	0.0593426
0.0012714	0.0149435
0.00110636	0.0800441
0.00116128	0.0496997
0.00101951	0.0447006
0.000988017	0.0470689
0.000980491	0.0297302
0.000986896	0.00514342
0.00178957	0.073672
0.000926317	0.0102941
0.00117767	0.0314789
0.000905262	0.00973335
0.000991557	0.0652935
0.00087647	0.0214618
0.00101687	0.026688
0.000873253	0.0277236
0.000630882	0.0104434
0.000919664	0.0166352
0.000886099	0.0361699
0.000668792	0.0473781
0.000801489	0.0314228
0.000661539	0.0226962
0.000689454	0.014903
0.000499969	0.0212418
0.000580681	0.00524632
0.000487542	0.0653907
0.000487484	0.0350552
0.00043143	0.0261939
0.000372401	0.0279467
0.000312319	0.00224742
0.000389004	0.0190675
0.0003676	0.0463445
0.00037027	0.0330905
0.000334587	0.0250905
0.000307795	0.0246762
0.000268914	0.0110598
0.000290284	0.0528875
0.000315335	0.0172971
0.000290636	0.0220453
4.62644e-05	0.0261106
0.000566093	0.0170269
0.0012771	0.00151474
0.00169926	0.0378099
0.00185492	0.0255861
0.00138256	0.0225487
0.00179541	0.00725073
0.00224727	0.0381546
0.00211684	0.0271851
0.00182423	0.0165197
0.00216994	0.0186014
0.00194398	0.0232968
0.00151047	0.0106897
0.00135025	0.0351782
0.000853582	0.0128296
0.00113714	0.0178295
0.00130664	0.01412
0.000680213	0.000222925
0.000539387	0.0372839
0.000504112	0.0158938
0.000854685	0.0277586
0.00263518	0.0225653
0.00374832	0.010899
0.00458147	0.0145233
0.0116181	0.00978447
0.00461493	0.00323511
0.00571916	0.0344876
0.00426743	0.0173279
0.00470485	0.016618
0.00454606	0.023225
0.00542925	0.0349556
0.00415996	0.0477879
0.00396462	0.0513364
0.00384145	0.0726815
0.00426551	0.0553184
0.00380924	0.0437429
0.00368229	0.00920162
0.00351726	0.0683169
0.0037272	0.0710799
0.00312719	0.0687942
0.00278009	0.0658775
0.0023417	0.0493212
0.0020142	0.0135602
0.00126889	0.0646634
0.000723183	0.0492986
0.000224404	0.0410625
0.0016098	0.0384227
0.00219719	0.0145759
0.00264148	0.0227108
0.00293168	0.0040686
0.00349689	0.00547254
0.00322521	0.00639013
0.00286458	0.0234722
0.00321822	0.00944723
0.00156717	0.0153151
0.00261163	0.00226556
0.0061511	0.0222262
0.00793616	0.0181429
0.00691114	0.0381373
0.00941579	0.0277189
0.00864261	0.0272331
0.00880201	0.00117183
0.00895777	0.0266852
0.00799412	0.0298505
0.00926483	0.013413
0.0107849	0.0121154
0.00933652	0.0102142
0.00769123	0.0369983
0.0120546	0.00849046
0.00796187	0.00911218
0.00584203	0.0106866
0.0050735	0.00998434
0.00414261	0.0202573
0.00565611	0.0421347
0.00414336	0.0259342
0.0038642	0.00173092
0.0033493	0.0471146
0.00485556	0.0349793
0.00345413	0.0289502
0.00471218	0.0420997
0.00434677	0.00161214
0.00427757	0.0560199
0.00483102	0.0522356
0.0043931	0.0417303
0.00379163	0.0327814
0.00498199	0.00808008
0.00409907	0.0445845
0.00278366	0.0685868
0.00217435	0.0466777
0.000808656	0.0437459
0.000793159	0.0154939
0.00200564	0.0714037
0.00274891	0.00403053
0.00568891	0.0967163
0.00597519	0.0676085
0.0063369	0.0680302
0.00966078	0.0549018
0.0109784	0.0234931
0.0109043	0.0926181
0.0103041	0.0868653
0.0124224	0.0835588
0.0129785	0.0984681
0.0279344	0.117674
0.0128279	0.117929
0.019088	0.142688
0.0158368	0.150857
0.0140702	0.153041
0.0162022	0.0638583
0.0200386	0.168217
0.0151334	0.0781982
0.0133394	0.185042
0.0102208	0.168512
0.0119629	0.172924
0.00742132	0.108653
0.00522752	0.0651019
0.00485642	0.165974
0.00305871	0.175738
0.00152377	0.167667
0.000510424	0.149981
0.000411696	0.0663344
0.00135124	0.0755437
0.00185384	0.135784
0.00228414	0.128071
0.00224905	0.0856745
0.00317473	0.0333151
0.00307867	0.10266
0.00319111	0.0626806
0.00323207	0.0379047
0.00358084	0.0514837
0.00301546	0.0380358
0.00284808	0.00219422
0.00261612	0.125298
0.00265825	0.0418102
0.00203659	0.0291536
0.00153346	0.0418128
0.00151504	0.0317864
0.00140294	0.100501
0.00115685	0.0174118
0.000559155	0.0384938
0.000105832	0.0053082
0.000300836	0.0326894
0.000543002	0.015776
0.00071189	0.0128753
0.000872524	0.118984
0.00113204	0.0245661
0.00111278	0.0206685
0.0012176	0.0138909
0.00131819	0.044137
0.00157621	0.0156799
0.0014622	0.100807
0.001493	0.0344914
0.0015708	0.00645103
0.00177744	0.0418389
0.00160234	0.00299119
0.00161222	0.103362
0.00158216	0.00695044
0.00178845	0.0256701
0.00159296	0.0340249
0.00155762	0.0387054
0.00151643	0.0412117
0.00149925	0.1083
0.00161771	0.0429838
0.00135165	0.044247
0.00130395	0.029481
0.00136922	0.054101
0.00114417	0.00371794
0.00106796	0.0959109
0.000982302	0.0183541
0.000995459	0.0540895
0.000787065	0.0491483
0.000729611	0.00149933
0.000619325	0.133239
0.000598125	0.0489739
0.000468825	0.0465626
0.000371338	0.0451269
0.000332994	0.0153923
0.000236157	0.00198423
0.000143761	0.105902
8.66121e-05	0.034086
1.5527e-05	0.0246591
7.11475e-05	0.0423022
0.000128509	0.0491407
0.00016689	0.00845635
0.000227051	0.122452
0.000300414	0.0320881
0.000331929	0.0332169
0.000382764	0.0361886
0.000436687	0.036343
0.000566901	0.0430745
0.000601592	0.102814
0.000662947	0.0435374
0.000702412	0.0277227
0.000870268	0.0375537
0.000693179	0.00505822
0.000901142	0.103025
0.00081558	0.0189581
0.000856953	0.0337467
0.000767734	0.0374426
0.000703335	0.0359507
0.00064043	0.0307801
0.00065728	0.117033
0.000508589	0.0344142
0.000437272	0.0396779
0.000368888	0.0150574
0.000344779	0.0513402
0.000220455	0.00711225
0.000159752	0.0947325
0.00010034	0.0318638
6.30333e-05	0.0435083
1.94819e-05	0.0316814
1.6368e-06	0.0191495
4.46988e-05	0.13235
6.9662e-05	0.0405858
0.000105554	0.0424236
9.30894e-05	0.039636
0.000115623	0.0149871
0.000155004	0.00489567
0.000133531	0.120702
0.000182281	0.0441252
0.000188695	0.0297195
0.000247485	0.0388879
0.00024843	0.0315943
0.000290172	0.0113499
0.000296742	0.119069
0.000362469	0.046491
0.000339497	0.0342675
0.000367123	0.0414554
0.000381751	0.0335537
0.00041735	0.0246202
0.000400789	0.108662
0.000416833	0.0320484
0.000431175	0.0251748
0.000509351	0.0468953
0.000419033	0.00939032
0.000411005	0.111158
0.00036879	0.0273326
0.000211723	0.0455499
0.000100523	0.0282613
0.000147656	0.0322713
0.000253601	0.0299467
0.000427744	0.111555
0.000564641	0.0408403
0.0007509	0.0357498
0.000930094	0.0266453
0.00126603	0.0651139
0.0013056	0.000107227
0.00147691	0.101827
0.00151157	0.0398117
0.00158232	0.0808633
0.00120428	0.0712239
0.000933612	0.0139956
0.000655711	0.108053
0.000422146	0.0848278
0.000111228	0.0861297
6.77984e-05	0.0825095
0.000213603	0.00674403
0.000387466	0.0836249
0.000468161	0.0804539
0.000592454	0.0787845
0.000500925	0.0604555
0.000663142	0.0791775
0.000576487	0.071721
0.000529766	0.0186646
0.000508351	0.102072
0.000519934	0.061783
0.000443508	0.0715919
0.000373762	0.0559909
0.000314771	0.0430179
0.00034743	0.00122692
0.000257677	0.0757716
0.000219564	0.0540945
0.000208481	0.0301384
0.00021493	0.0343138
0.000124076	0.00575691
0.00014115	0.0734946
0.000201763	0.0337314
0.000139887	0.0435809
0.000219665	0.0353281
0.000220018	0.00661612
0.000243779	0.0891776
0.000311271	0.0515871
0.000313907	0.0250743
0.00034696	0.0377119
0.000377352	0.0168951
0.000405636	0.00128065
0.00049513	0.0638713
0.00051516	0.0292155
0.000537036	0.0142663
0.000691711	0.0352342
0.000638516	0.00887525
0.000566429	0.0560092
0.000798011	0.0298616
0.000809952	0.0331572
0.000715642	0.0147168
0.000732941	0.0110105
0.000724459	0.0139402
0.000832823	0.0607187
0.000633159	0.0263328
0.000703182	0.0302446
0.000652359	0.012923
0.000728823	0.000359633
0.000642543	0.0456896
0.000604479	0.0176488
0.000519558	0.0103273
0.0006617	0.0393881
0.000553722	0.00425401
0.000503961	0.060619
6.78143e-05	0.00884167
0.000907221	0.0227417
0.00133168	0.0282591
0.00150379	0.0265493
0.00159818	0.00982535
0.00208878	0.0294173
0.00192194	0.0225474
0.00179459	0.0220437
0.00163294	0.0117638
0.00154273	0.0230987
0.00109304	0.0116234
0.00084754	0.0264124
0.000619564	0.0185104
0.000430476	0.0208005
0.000177533	0.0286698
4.56404e-05	0.00562551
9.73996e-05	0.0342469
0.000233496	0.0300074
0.000286253	0.0164455
0.000338715	0.0192126
0.000216202	0.0161891
0.000915797	0.00486845
0.00227612	0.0330781
0.00328984	0.0307943
0.003994	0.0165887
0.0050499	0.0185401
0.00477759	0.00911971
0.00488752	0.00567479
0.00493073	0.0380716
0.00549836	0.0207896
0.00480123	0.0446958
0.00471715	0.0228808
0.00460848	0.0139203
0.00733144	0.0433494
0.00425825	0.00771571
0.00403798	0.0530009
0.00394937	0.0562879
0.00444553	0.0557297
0.00384153	0.0674676
0.00363088	0.0564933
0.00311343	0.0443107
0.00256143	0.0817743
0.00146394	0.00857405
0.000775464	0.0570348
0.000119694	0.0685362
0.000538513	0.0501088
0.000982821	0.0319636
0.00137882	0.000685659
0.00173452	0.0337475
0.00231776	0.0374892
0.00233849	0.0253568
0.00261189	0.00149026
0.00282758	0.00557156
0.00299407	0.0199321
0.0013359	0.010492
0.000577971	0.000471345
0.00269013	0.00400501
0.00503066	0.0299333
0.00576252	0.000778479
0.0066006	0.0287093
0.00724915	0.00229682
0.00872961	0.00989187
0.00818593	0.00023035
0.00850947	0.0163071
0.00881292	0.0463262
0.0100846	0.0122119
0.00878908	0.0143377
0.00846234	0.0242129
0.00810516	0.0361345
0.00853385	0.0336776
0.00620943	0.0536927
0.00678086	0.0311198
0.0066112	0.0438554
0.00711226	0.0337786
0.00604089	0.0403721
0.00579013	0.0404547
0.00556237	0.0818793
0.00604886	0.0331656
0.00517483	0.0282335
0.00440636	0.0287283
0.00560176	0.0528794
0.00549872	0.0490517
0.00480568	0.0818396
0.00470048	0.0219936
0.0046424	0.0436293
0.00510579	0.00611225
0.00441077	0.00889178
0.00412023	0.0411804
0.00332141	0.104969
0.00225827	0.00291565
0.000446409	0.0284427
0.00114298	0.00817922
0.00265113	0.0624336
0.00474203	0.0259137
0.00568712	0.0901767
0.00694144	0.0260305
0.00810328	0.0402381
0.0103925	0.00118673
0.0102712	0.0439649
0.0111661	0.106629
0.0119616	0.0341216
0.0143633	0.00775071
0.0134743	0.000189392
0.0141139	0.0272092
0.01463	0.0468101
0.0170088	0.105579
0.0155674	0.0472988
0.0158872	0.0289286
0.0160195	0.00888812
0.0180613	0.0251258
0.0158856	0.0237299
0.0154069	0.110874
0.0142872	0.015567
0.0141427	0.050778
0.0104912	0.0458108
0.0085276	0.00204439
0.00670287	0.127919
0.00557893	0.0604487
0.00339395	0.0635871
0.00188023	0.0369046
0.00110493	0.0308805
0.000106689	0.00955182
0.000974175	0.112611
0.00162457	0.0439514
0.00220414	0.0123557
0.00298216	0.0283876
0.00303412	0.0402759
0.0032846	0.0121369
0.00348227	0.135393
0.00409814	0.0506217
0.00368923	0.0301899
0.00366767	0.0346594
0.00360339	0.0352701
0.00390239	0.0290638
0.00330933	0.0878683
0.00307705	0.0388477
0.00281733	0.0177342
0.00286739	0.0398119
0.00223283	0.013393
0.00198884	0.113974
0.00169644	0.0139497
0.00156908	0.0266894
0.00105711	0.0355112
0.000799816	0.0444628
0.000536364	0.0234432
0.000303727	0.109762
5.87702e-05	0.0367332
0.00013525	0.0579675
0.000318173	0.0182347
0.000498626	0.00340313
0.000578664	0.108481
0.000721116	0.0346825
0.000867192	0.0151802
0.0011354	0.0359021
0.00112835	0.0530238
0.00120696	0.00296555
0.0011625	0.119202
0.00171631	0.046586
0.0014461	0.0587715
0.00149963	0.0468956
0.00155061	0.0262199
0.001791	0.0544156
0.00161311	0.0989243
0.00162364	0.045783
0.0016695	0.0275441
0.00188735	0.0512617
0.00170507	0.000378573
0.00165158	0.0962134
0.00162245	0.0393903
0.00185118	0.0551653
0.00163319	0.0598817
0.00164609	0.0602389
0.00159478	0.0268576
0.00176622	0.113472
0.0015332	0.0467208
0.00145572	0.044914
0.00140466	0.0168843
0.00152815	0.0651636
0.00126454	0.00476911
0.00119161	0.113645
0.00114201	0.0319598
0.00118995	0.0440119
0.00100355	0.0535503
0.000918327	0.0216451
0.000828331	0.128232
0.000865436	0.041711
0.000667289	0.0418711
0.000615138	0.0423605
0.000536293	0.0377469
0.000471766	0.00305249
0.000378772	0.109459
0.000356586	0.0425982
0.000176012	0.0330857
6.43386e-05	0.0456567
0.000127773	0.0425842
0.000276844	0.0143257
0.000293247	0.131498
0.000627295	0.0285599
0.00058454	0.0390903
0.000670024	0.0341873
0.000725497	0.0353035
0.00086682	0.0403075
0.000810385	0.111644
0.000758054	0.0378408
0.000769546	0.00550683
0.000840019	0.0489832
0.000720645	0.0208387
0.000652811	0.107914
0.000630623	0.0242949
0.000629521	0.0336549
0.000514894	0.0460021
0.000451048	0.0340286
0.000406471	0.036231
0.000331058	0.10877
0.000289748	0.0351411
0.000248554	0.030911
0.000172225	0.024208
0.000174754	0.0444112
9.92827e-05	0.121533
0.000113633	0.0400681
4.37801e-05	0.0145304
3.59691e-05	0.0393082
3.84434e-05	0.0374718
1.72635e-05	0.0147346
1.67817e-05	0.120659
1.08632e-05	0.0405225
3.23169e-06	0.0304435
2.37941e-05	0.0458711
1.21456e-05	0.0269169
2.80058e-05	0.0386482
5.68742e-05	0.0997113
6.82313e-05	0.033951
7.90906e-05	0.0228828
0.000108124	0.0378631
7.36399e-05	0.0155767
5.0567e-05	0.11795
9.49583e-05	0.0142007
9.50436e-05	0.0302953
0.000109574	0.0312984
0.000102299	0.0423361
0.000107576	0.0431411
0.000120579	0.101746
7.90989e-05	0.0489503
6.81282e-05	0.0406708
8.43161e-05	0.027016
6.15637e-05	0.0471925
4.99447e-05	0.0155078
1.65611e-05	0.113642
3.02985e-05	0.033732
4.48216e-05	0.0383141
1.79792e-05	0.0430807
2.40678e-05	0.003932
4.42312e-05	0.131505
3.00885e-05	0.0398685
5.66454e-05	0.0460963
5.44338e-05	0.0439424
2.9744e-05	0.0120354
3.56956e-05	0.00806843
1.14578e-05	0.113343
1.79722e-05	0.0313075
9.97446e-06	0.0198188
1.52329e-05	0.0240472
4.00117e-05	0.0448508
8.30834e-05	0.0284658
6.59563e-06	0.0467523
6.35243e-06	0.0409685
7.63859e-07	0.0431239
3.62523e-05	0.0233619
3.63459e-05	0.0406559
2.36406e-05	0.11647
4.06486e-05	0.042009
2.48131e-05	0.0146751
2.82505e-06	0.0422402
1.35895e-05	0.00154999
3.30773e-05	0.10381
6.45829e-05	0.021039
6.95241e-05	0.0453056
0.000106065	0.0369927
7.64422e-05	0.0400782
7.46403e-05	0.031838
9.11933e-05	0.102258
8.67956e-05	0.0375886
0.00010617	0.0430149
0.000109135	0.0179699
0.00013854	0.0347624
0.0001616	0.0100508
0.000154012	0.117337
0.000134241	0.0150809
0.000234778	0.0364527
0.000182052	0.024371
0.000192121	0.0136461
0.000166802	0.120578
0.000188179	0.0400175
0.000133821	0.0425639
0.000130774	0.0426848
0.00012097	0.011971
0.000134359	0.0108089
8.87443e-05	0.124737
0.00013366	0.0397741
0.000166549	0.0329455
0.000256699	0.0398383
0.000188293	0.0471925
9.81996e-05	0.00859571
4.25791e-05	0.119968
0.000220998	0.0449303
0.000393447	0.0537478
0.000567765	0.047587
0.000756579	0.0207792
0.00103998	0.0410592
0.00107346	0.0983938
0.00114927	0.0581211
0.00107982	0.0519642
0.00105474	0.074163
0.000754627	0.0100021
0.000552392	0.0901062
0.000319053	0.0625923
0.00015003	0.0992827
2.87285e-05	0.086751
0.000155748	0.0867348
0.000261696	0.00941171
0.000375408	0.0824749
0.000422947	0.0854919
0.000473979	0.086327
0.000513679	0.0548571
0.000753452	0.0631874
0.000558929	0.0252159
0.000513698	0.0838079
0.000555683	0.0537222
0.000608718	0.0619399
0.000498102	0.0596036
0.000494022	0.0717323
0.000460198	0.00353197
0.000514055	0.0643632
0.000378958	0.0643421
0.000401331	0.0535565
0.000376112	0.038016
0.000421644	0.0587798
0.000351445	0.0141604
0.000324747	0.0624866
0.000310217	0.0295624
0.000344079	0.0353407
0.000259985	0.0425747
0.000290095	0.00437231
0.000256889	0.077886
0.000324366	0.0277951
0.000258088	0.039827
0.000263681	0.0274595
0.000254424	0.0148303
0.000308527	0.0121718
0.000205428	0.0557751
0.00028027	0.0350418
0.000232988	0.0198584
0.000230615	0.0213118
0.000206462	0.0317755
0.000202293	0.002776
0.000169035	0.0602892
0.00019033	0.0285037
0.00017498	0.0335836
0.000163599	0.0165333
0.000159396	0.00619939
0.000191731	0.0302569
0.000173351	0.0481329
0.000158819	0.0236258
0.000181279	0.0125738
0.000181038	0.0272242
0.000200712	0.00210585
0.000205044	0.0477122
0.000220057	0.022183
0.000214499	0.0329303
0.000193449	0.0156011
0.000208708	0.0268912
0.000116245	0.00736436
0.000416366	0.0258261
0.000818255	0.0474782
0.00101924	0.025791
0.00139868	0.00750285
0.00178358	0.0187632
0.00157823	0.00637049
0.00147474	0.025669
0.00130609	0.0114329
0.0012577	0.0262022
0.000900354	0.025056
0.000725535	0.0187036
0.000531395	0.0105198
0.000415594	0.0564392
0.000231581	0.00555622
0.000102123	0.0252655
3.95742e-06	0.023323
0.000135542	0.0318288
0.000160442	0.0030504
9.5197e-05	0.0232158
0.00074018	0.0119168
0.002134	0.0117396
0.00385438	0.0216854
0.00412199	0.00665961
0.00388385	0.029928
0.0056816	0.0164706
0.00450675	0.0272194
0.00436801	0.0364797
0.00416427	0.0228678
0.00445692	0.0197333
0.00375907	0.0272837
0.00359884	0.0335519
0.00349413	0.0521036
0.00387218	0.0473816
0.00338883	0.0533292
0.00340137	0.0471042
0.00345724	0.00154026
0.00382286	0.080791
0.00330945	0.0579376
0.00274426	0.074142
0.00300794	0.0442625
0.00308949	0.00382827
0.00233066	0.0731517
0.00184283	0.0657272
0.00136884	0.0674843
0.00097879	0.0612229
0.000416428	0.0344026
3.40268e-05	0.0142568
0.000550576	0.041362
0.00179428	0.0115105
0.00254688	0.0291607
0.00306585	0.00539648
0.00308519	0.0280747
0.00213034	0.0057501
0.000142626	0.00887538
0.0018727	0.0155746
0.00462386	0.0171369
0.00578015	0.01426
0.00595111	0.0209928
0.00848222	0.0468988
0.00822266	0.0299563
0.00963732	0.0358457
0.00881264	0.0167027
0.00898618	0.0282857
0.00893152	0.022589
0.00974639	0.0342093
0.0082334	0.0224188
0.0077251	0.0243312
0.00727622	0.00268167
0.00754319	0.0445795
0.00630967	0.0153693
0.00596921	0.0100225
0.00574253	0.00960026
0.00620246	0.0185309
0.00535358	0.0109087
0.00523806	0.0549645
0.00520353	0.00446082
0.00574549	0.024274
0.00495563	0.00626875
0.00486456	0.00703779
0.00480136	0.0693625
0.00538179	0.00560628
0.00467616	0.01291
0.00457573	0.00697545
0.00460106	0.00383236
0.0049105	0.0128254
0.00398937	0.0708593
0.00326678	0.0307173
0.00210366	0.023703
0.000751436	0.0327748
0.000861228	0.0396259
0.00234181	0.0125718
0.00380641	0.0948964
0.00594637	0.0613078
0.00573555	0.0654837
0.00865254	0.073719
0.00877512	0.0124646
0.0110384	0.0658752
0.0107989	0.079959
0.0116093	0.0751628
0.0123499	0.0718342
0.014612	0.077741
0.013528	0.00555884
0.0139511	0.0770824
0.0125191	0.0606822
0.0183069	0.0700655
0.0148916	0.0489646
0.0150675	0.0506581
0.0151413	0.0161306
0.0169818	0.103663
0.0147792	0.0345928
0.0138079	0.0491508
0.0106243	0.0105104
0.0125453	0.0260358
0.00767658	0.028877
0.00579195	0.108326
0.00413242	0.0363127
0.00285139	0.0410836
0.00115108	0.0496421
6.27413e-05	0.017713
0.000703414	0.11804
0.00187114	0.0401191
0.00247894	0.0468561
0.00297502	0.0408879
0.00327155	0.0235746
0.00395888	0.0449686
0.00365665	0.102334
0.00371704	0.0326712
0.00371887	0.0263989
0.00418159	0.0517712
0.00371319	0.0135745
0.0037033	0.10629
0.00356632	0.0330025
0.00380903	0.0337891
0.00319049	0.036021
0.00298562	0.0335987
0.00271985	0.0319863
0.0027185	0.0942152
0.00208327	0.0561403
0.00171306	0.0540965
0.0013207	0.0388562
0.00102574	0.047842
0.000542443	0.00707635
0.000169393	0.109331
0.000190556	0.0223741
0.000602029	0.0461291
0.000852596	0.0458557
0.00118976	0.00168356
0.00146132	0.135829
