2.04873	0.0308295
0.0176092	0.0199109
0.0345366	0.0139967
0.021753	0.012411
0.0175788	0.0148109
0.0708662	0.0163931
0.00298084	0.022838
0.00465182	0.0392503
0.00701946	0.0279483
0.0066875	0.0635099
0.00674348	8.84068e-05
0.00699347	0.00972669
0.0052809	0.0229134
0.00196276	0.0385735
0.00225357	0.00526444
0.00463775	0.0361376
0.00714564	0.0161269
0.00851827	0.00645632
0.00775775	0.00297246
0.00720415	0.0418546
0.00602179	0.0431909
0.00492899	0.0152555
0.00625862	0.0592485
0.0081533	0.0495905
0.00811897	0.072889
0.00587038	0.0930903
0.00381492	0.0610348
0.0033902	0.0396579
0.00398135	0.101219
0.00329294	0.0539333
0.00386776	0.0442955
0.00470278	0.0270253
0.0060389	0.0375564
0.00684735	0.0226851
0.00540141	0.031433
0.00455284	0.0250389
0.00445609	1.85039e-05
0.145566	0.144816
0.0875262	0.16915
0.0906618	0.053519
0.115675	0.178257
0.185886	0.284534
0.196468	0.0143334
0.148304	0.160972
0.108335	0.0436029
0.0465234	0.0985828
0.072515	0.68157
0.0901433	0.226602
0.0963703	0.197226
0.0667381	0.760079
0.0343014	0.424417
0.0395933	0.0807851
0.0464123	0.0640279
0.0364521	0.0848962
0.0261619	0.057644
0.0145792	0.0417365
0.0157638	0.160054
0.0210672	0.0796526
0.0166421	0.0101591
0.0150579	0.168695
0.0345688	0.196754
0.0580807	0.135117
0.0656287	0.246407
0.0255403	0.377229
0.00618854	0.0691702
0.00631766	0.113685
0.00821637	0.0938625
0.011042	0.0554053
0.0116057	0.00346721
0.00916674	0.101189
0.00689799	0.0043661
0.00741908	0.0913374
0.00957673	0.0166289
0.0141239	0.0243984
0.0138183	0.12276
0.012311	0.0693002
0.021034	0.00767106
0.0681124	0.100033
0.0937739	0.249731
0.0866482	0.367993
0.0510935	0.20518
0.0931405	0.0593375
0.101482	0.063778
0.103656	0.0968544
0.144977	0.122718
0.1336	0.0976436
0.158095	0.139239
0.159987	0.124481
0.175495	0.102989
0.193747	0.0337198
0.191956	0.291248
0.216371	0.0395729
0.168762	0.220328
0.172008	0.138999
0.131168	0.13577
0.104319	0.00297721
0.0777361	0.114492
0.0529359	0.207601
0.0542519	0.0839053
0.0508422	0.111696
0.0438715	0.0836306
0.0298423	0.242785
0.0239393	0.0313632
0.00974265	0.0295415
0.0118903	0.0030583
0.0202604	0.144374
0.0164522	0.177963
0.0125736	0.111165
0.00403358	0.151852
0.00706204	0.0364191
0.0521028	0.169926
0.0658067	0.0631718
0.0445967	0.256672
0.0187245	0.178898
0.00903845	0.246294
0.00740552	0.014957
0.00931789	0.0915054
0.0111806	0.00750203
0.0106334	0.0232979
0.00768135	0.0241739
0.00522509	0.0413229
0.00344364	0.0154996
0.0120895	0.0404971
0.00931507	0.0226322
0.0042591	0.0283594
0.0194128	0.0845588
0.0560583	0.0555043
0.0745378	0.136392
0.08804	0.341327
0.042671	0.272471
0.0628466	0.0587446
0.106908	0.0738413
0.0929231	0.195177
0.107288	0.187825
0.138923	0.0820353
0.118038	0.0295009
0.124525	0.0020048
0.151216	0.0934455
0.135772	0.0703417
0.16144	0.0596578
0.217787	0.278946
0.198385	0.041381
0.228728	0.0546007
0.188981	0.331298
0.132064	0.0979235
0.126514	0.247662
0.089444	0.0760568
0.0785604	0.0141453
0.0779872	0.19689
0.0640899	0.105782
0.0589408	0.0951433
0.0467323	0.217914
0.0316334	0.12717
0.0260626	0.0131922
0.0143931	0.0284691
0.00624481	0.14469
0.0106749	0.207199
0.0196849	0.0334683
0.0162152	0.150532
0.00686616	0.175037
0.00372848	0.0119455
0.00490259	0.00409573
0.00600869	0.00772674
0.00593773	0.0188819
0.00456839	0.00116123
0.0024079	0.0164496
0.0139785	0.0226286
0.0601618	0.0950881
0.073225	0.358059
0.0307743	0.13999
0.0119292	0.0148507
0.00534208	0.265735
0.00692657	0.0177752
0.0105459	0.093575
0.013049	0.114402
0.0101633	0.100832
0.0105105	0.00485652
0.009419	0.0817896
0.00674379	0.0580721
0.0064482	0.0814513
0.0106492	0.023061
0.00610893	0.000676417
0.00201876	0.0183373
0.0358467	0.0716167
0.078254	0.172362
0.100145	0.309134
0.0684635	0.304864
0.054324	0.0869115
0.0930543	0.104697
0.105269	0.31622
0.100783	0.151668
0.115263	0.00902838
0.129204	0.0847823
0.145606	0.0982267
0.154688	0.251351
0.171464	0.405812
0.194394	0.228431
0.179065	0.110785
0.237619	0.417547
0.220478	0.597397
0.183694	0.54159
0.152701	0.445482
0.0984218	0.107214
0.1029	0.0434139
0.0747211	0.0608406
0.0687153	0.141021
0.0726802	0.12035
0.0664795	0.0153205
0.0538572	0.00588146
0.0409663	0.00839171
0.0244983	0.00541005
0.00844413	0.0934257
0.00413269	0.105705
0.0141637	0.00785343
0.0184848	0.0544695
0.0137364	0.122795
0.0058117	0.172243
0.000561767	0.061441
0.00471566	0.0959206
0.0049269	0.140996
0.00510174	0.118129
0.00866226	0.146573
0.0590145	0.0762117
0.081624	0.184807
0.0391904	0.261825
0.0112529	0.299181
0.00381421	0.0816688
0.00960281	0.0309229
0.0127991	0.0292718
0.0128138	0.106317
0.00948046	0.0169285
0.00778603	0.094412
0.00790569	0.00282416
0.00484757	0.0109715
0.00816211	0.0633047
0.00406906	0.0549272
0.00401968	0.0332974
0.00642912	0.032348
0.05975	0.0892039
0.0888559	0.2209
0.0908196	0.26357
0.0501883	0.261493
0.0730818	0.0902922
0.103446	0.041187
0.116707	0.0250156
0.132394	0.138339
0.134276	0.208133
0.148635	0.170173
0.127408	0.28237
0.16611	0.211189
0.183915	0.010439
0.179518	0.0246117
0.228956	0.0279184
0.228716	0.165957
0.191366	0.202626
0.138297	0.0154147
0.139906	0.0995442
0.11028	0.126926
0.077549	0.148242
0.0815658	0.0749003
0.0585888	0.135876
0.0557643	0.19814
0.058304	0.397268
0.0414934	0.0235147
0.0323642	0.0646539
0.0244186	0.0177754
0.0105762	0.069113
0.00854637	0.182998
0.0158974	0.044922
0.0176851	0.20206
0.015125	0.0168669
0.00650676	0.016596
0.00248358	0.154427
0.00513428	0.198062
0.00684571	0.00637201
0.00520541	0.119467
0.00320153	0.0180078
0.00139134	0.192688
0.0032947	0.0090148
0.00142224	0.0182708
0.00356861	0.140653
0.00527177	0.165839
0.00407645	0.0138256
0.000795407	0.0261343
0.00283112	0.0204074
0.00375943	0.0120986
0.00178066	0.00319514
0.0456279	0.024627
0.0734723	0.130878
0.0423066	0.233721
0.013284	0.270766
0.003564	0.0722675
0.00585653	0.107584
0.00949742	0.0381325
0.0108782	0.0446259
0.00882563	0.117254
0.00623675	0.0997347
0.00720768	0.0472215
0.00387722	0.0857338
0.00201777	0.0128268
0.0113562	0.0535512
0.00843328	0.0749068
0.0118481	0.0740939
0.047628	0.0534099
0.0729207	0.0858143
0.0928764	0.316818
0.0518811	0.255077
0.0714794	0.0990964
0.104345	0.0687772
0.0923419	0.153505
0.124975	0.212764
0.11194	0.0661472
0.118557	0.0159264
0.144199	0.144957
0.135579	0.104763
0.145282	0.18827
0.193512	0.210633
0.182771	0.374011
0.199034	0.260007
0.224072	0.598329
0.159937	0.355968
0.1435	0.0633088
0.1434	0.366497
0.101161	0.0948224
0.102562	0.100754
0.0832816	0.24475
0.0623851	0.111266
